getpixel x,y (x+y*3) -> 0,1,2,3,[4],4,5,6,7

0 000
  000
  000
	0000 0000	00
1 111
  101
  111
	1111 1111	FF
2 101
  101
  101
	1011 1101	BD
3 111
  000
  111
	1110 0111	E7
4 101
  101
  111
	1011 1111	BF
5 111
  101
  101
	1111 1101	FD
6 111
  001
  111
	1110 1111	EF
7 111
  100
  111
	1111 0111	F7
8 111
  001
  101
	1110 1101	ED
9 101
  100
  111
	1011 0111	B7
10101
  001
  111
	1010 0111	A7
11111
  100
  101
	1111 0101	F5
12101
  000
  111
	1010 0111	A7
13101
  100
  101
	1011 0101	B5
14111
  000
  101
	1110 0101	E5
15101
  001
  101
	1010 1101	AD