0.1
0.1
0.1
0.1
0.0945582
-0.123815
0.0862302
-0.0343035
0.0234117
0.0461933
-0.0996733
-0.156335
0.100479
-0.186858
-0.0263821
0.138481
-0.0491355
0.067868
-0.0970529
0.00307741
0.00807093
-0.0727989
0.0185518
-0.0198252
-0.185256
-0.125769
0.0563695
-0.00401638
0.0446528
0.155195
0.00556483
-0.107066
0.015886
-0.0548823
-0.0749168
-0.119196
0.0449737
-0.0197976
-0.0067337
-0.188593
0.102654
-0.0853034
0.0445957
-0.00381703
-0.0811786
-0.0382026
0.0249565
0.0297163
0.0434719
0.0187354
-0.106027
-0.0119237
0.00391597
-0.0503825
0.0558232
-0.00257384
-0.108382
0.0847765
-0.0637208
0.154804
-0.0581335
0.00796701
0.106376
-0.112583
-0.128082
-0.0868287
-0.0841972
0.0422135
0.0246842
-0.0133265
0.0650546
0.0121607
-0.105885
-0.187715
-0.0212745
0.0393441
0.1
0.1
0.1
0.1
0.1
0.1
0.1
0.1
-0.0243274
-0.088305
-0.0812961
-0.0614597
-0.00645593
0.144091
-0.0532844
0.0639788
0.0673211
0.0432046
0.0947522
-0.0134629
-0.0141396
-0.121695
-0.0756225
-0.134104
0.0312713
0.0602145
-0.0338288
-0.00612687
0.0416927
0.0192193
0.0359068
0.0558683
-0.15943
-0.00335488
0.0418014
-0.0746391
-0.0104228
-0.070557
-0.0938607
0.0822517
-0.129549
0.0512138
0.0273257
-0.0299506
0.0628379
-0.0407534
0.0782821
0.0337597
-0.00952722
-0.154775
0.0014446
-0.0507755
-0.086702
0.00850488
0.131273
-0.0894897
0.0843917
-0.0189395
-0.0675988
0.0567219
0.0867025
0.0457554
-0.0923395
0.02553
-0.0662219
0.0365255
-0.0430676
0.0315505
-0.0487049
-0.0789363
-0.0140586
0.0799669
-0.0769892
0.051809
-0.132711
0.0819146
-0.141516
-0.14628
0.0327675
0.0454332
0.0809672
0.0326197
-0.0512774
0.0838592
-0.0101855
-0.155418
-0.0414855
-0.187535
-0.0499171
0.0787847
0.00391096
-0.118689
0.140903
0.18955
0.0558223
-0.0135065
-0.118076
0.014926
0.138796
-0.0512018
0.0478429
0.00159056
-0.031454
0.116145
0.0316835
0.10194
-0.0253969
0.0529703
-0.0323718
0.0741396
0.0893278
-0.0932403
-0.106456
0.0691459
0.0554248
0.091514
0.0134961
0.00147703
-0.140916
-0.0300452
0.129137
-0.0897445
-0.0319264
-0.037506
-0.14586
-0.157734
0.057626
0.0154956
0.0651622
7.93404e-05
0.169962
-0.00296662
0.00653666
0.0234401
0.0396994
0.0389787
0.0626589
-0.186679
0.0716862
0.0142464
0.0672739
-0.00270048
-0.0374079
-0.167631
0.13902
-0.0894677
-0.00841075
-0.114877
0.046101
0.00376304
0.0180489
-0.100548
0.00946622
-0.00216277
-0.0830955
-0.067799
-0.154036
0.111835
-0.12103
0.148349
-0.114891
0.0309859
0.0877934
-0.0657637
0.0966603
0.0863708
-0.109614
-0.111627
-0.123082
0.0855824
-0.00834896
0.0126807
0.0662479
-0.0985402
-0.122113
-0.0269073
0.0100681
-0.0480247
0.0354794
0.0453464
-0.156997
0.0226443
-0.121573
0.12373
0.00449301
0.0152472
-0.140819
0.0400679
0.0858652
-0.119635
-0.122117
0.0332144
0.0901704
0.0457655
-0.196147
-0.0143981
-0.127975
0.0426
0.0898024
-0.051828
0.154659
-0.0419744
-0.0385066
-0.0584551
-0.0408549
-0.0885417
-0.00329018
-0.141849
-0.0471072
0.0122764
-0.00899363
-0.0252934
0.181427
-0.0847004
-0.137592
-0.0241138
0.0282695
0.0336794
0.115606
-0.174429
0.085114
0.125635
0.189984
-0.10554
0.114333
-0.064519
0.0492202
-0.0581948
-0.0591365
0.144654
-0.0243355
0.0545314
-0.0832516
0.0593547
0.142965
-0.0999947
-0.132855
0.15968
0.0233253
-0.0330251
0.0262591
-0.0760862
0.0216916
-0.0453738
-0.0768693
-0.177684
-0.0484742
0.0756534
0.0116189
0.199921
-0.107444
0.15501
-0.127752
0.0467024
0.0316114
-0.0360087
0.0321355
0.161974
0.0486338
-0.0849118
0.0100607
0.0394197
-0.184741
-0.116485
0.108431
0.0264589
0.0744458
-0.078121
0.0881722
0.0742188
0.054399
0.0361039
0.0691922
-0.168465
0.0221277
-0.1502
-0.091083
0.0430278
-0.0971675
-0.105494
0.13589
-0.0652832
0.109147
-0.0365041
0.0142696
-0.00958913
-0.196997
0.0869895
-0.143798
0.00910586
-0.0656263
-0.0825415
0.0800521
-0.0931157
0.0232933
0.0370898
0.0646979
-0.159917
0.0180924
-0.00815989
0.0234795
-0.0821023
-0.061691
-0.0921828
-0.0384354
-0.193154
-0.0248403
-0.0964716
0.057154
0.105424
0.00823413
-0.138763
-0.0299683
-0.151537
0.0400946
-0.106578
-0.103348
-0.10452
0.0854963
0.083343
-0.0742151
-0.0275012
0.132738
0.0483391
-0.112243
0.0109111
0.0722893
-0.0439212
0.0304767
0.051197
0.160411
-0.027569
0.0151441
-0.0119737
-0.0752125
-0.0172047
0.136127
-0.0186574
0.109582
-0.0760783
-0.0680575
0.0772786
0.0881142
0.00101082
0.15861
-0.0997827
-0.000771184
-0.0433679
0.0871212
-0.141126
0.0790615
-0.0235356
-0.111001
-0.140024
-0.126108
0.103354
0.156397
0.133018
0.0566958
-0.0270525
0.171149
0.00290287
-0.0927219
-0.0343047
0.152682
0.00691996
-0.0616385
0.0222594
-0.138534
-0.00392163
0.0977661
0.145408
-0.124656
-0.0343817
-0.0362239
-0.000783759
-0.0515001
-0.0284518
-0.00500091
0.119815
-0.0298539
-0.126734
-0.0650829
0.0431395
0.118997
-0.156698
0.0688619
0.100299
0.0728722
-0.050842
-0.0556775
0.166042
-0.0427786
0.0714814
-0.00728991
-0.0059671
0.156802
-0.0996365
-0.03314
-0.095727
-0.0529874
0.0373324
-0.0192226
-0.0705158
-0.0270377
0.0666156
0.104385
-0.152107
0.039742
-0.157608
-0.10172
-0.0384494
0.0404319
0.0633892
-0.106139
0.0408869
0.0780928
0.026745
0.111567
-0.115744
-0.126348
0.0783346
-0.114954
-0.155113
0.0338205
0.0771078
0.0189236
-0.0186639
-0.0619103
-0.0314756
0.050252
-0.10437
-0.0669638
0.051643
0.0346867
-0.0553976
-0.0560138
0.148451
0.059515
-0.0610435
0.0127817
-0.164528
0.0540124
-0.0869558
0.0221287
-0.122241
0.0731654
-0.0492883
0.140015
-0.064531
0.100271
0.0351551
0.0635495
0.00157356
0.127258
0.0276106
0.0793998
0.16452
-0.0829017
0.0107002
0.0135854
0.0128117
-0.0456981
0.00881635
-0.0339974
-0.0462399
0.0272317
0.042699
-0.0520743
0.114499
-0.0337189
-0.0662534
0.191938
0.108308
-0.152704
-0.0909049
-0.117399
0.000550349
-0.0554522
0.0109205
-0.158407
0.126698
0.100087
0.0771365
0.0643466
0.0654007
0.0935116
-0.000804581
0.0334418
0.191728
-0.0598123
0.00978978
0.0408056
0.088247
-0.196779
-0.121726
0.00828655
-0.0494643
0.0210686
0.00795242
0.0317104
-0.052914
0.00726274
0.10063
-0.0396901
0.0619987
-0.027821
0.0199395
0.0113346
-0.00539139
0.055528
0.0140306
-0.049586
-0.000325064
0.118946
-0.125837
-0.0341987
0.0922306
0.111841
0.0460019
0.1
0.1
0.1
0.1
0.1
0.1
0.1
0.1
0.1
0.1
0.1
0.1
0.1
0.1
0.1
0.1
0.1
0.1
0.1
0.1
0.1
0.1
0.1
0.1
0.1
0.1
0.1
0.1
0.1
0.1
0.1
0.1
0.1
0.1
0.1
0.1
0.1
0.1
0.1
0.1
0.1
0.1
0.1
0.1
0.1
0.1
0.1
0.1
0.1
0.1
0.1
0.1
0.1
0.1
0.1
0.1
0.1
0.1
0.1
0.1
0.1
0.1
0.1
0.1
0.120016
-0.0838515
-0.0418648
0.0413097
0.0699374
0.0083659
-0.00350096
0.0273893
0.060954
0.113455
0.109539
0.145287
0.0682654
0.0435115
0.0667451
-0.0433378
-0.0244875
0.0182426
-0.0381326
0.0145705
-0.0693869
-0.0420621
-0.182209
0.0359587
0.1782
-0.124804
-0.0359397
0.11276
-0.0540411
0.0334947
0.00811266
0.016079
-0.123839
0.150298
0.00158747
-0.0222071
0.0679148
-0.0962044
-0.0824485
0.134336
0.129711
-0.0631918
-0.0961537
0.00172404
-0.108843
-0.101522
-0.154703
-0.170485
-0.0565786
0.0288996
0.0112708
0.0512999
0.00978329
0.127999
-0.045127
-0.0796408
-0.00341848
-0.0459433
0.0920081
-0.0801905
0.0471052
-0.116337
0.0416609
-0.00820923
-0.0290207
-0.197654
0.138776
-0.0468818
0.014229
0.15886
0.0555568
-0.193804
0.11423
0.0833755
-0.0768694
-0.0150729
0.059451
0.0630111
-0.0255535
0.0360591
0.00535812
-0.0224888
-0.0774891
0.0999766
-0.00227031
-0.0618967
-0.00054488
0.0646232
0.168875
-0.0245059
-0.0389163
-0.0860591
0.0324826
-0.0905905
-0.0673937
0.122939
-0.0649633
0.129052
-0.0845395
-0.00686252
-0.0718158
-0.0441104
0.0633456
-0.161996
-0.0693287
-0.073812
0.078403
-0.0589191
0.0194365
-0.0372038
-0.16357
0.035501
0.0297809
0.0739894
0.0186375
0.126646
0.06552
-0.0572929
-0.00572288
-0.0211864
-0.182007
0.0555212
-0.0841139
-0.061184
-0.0844562
-0.0386074
0.182145
-0.0105672
0.0598624
0.0430891
-0.0033098
-0.0388854
0.000267487
0.0846058
-0.196875
-0.0999104
0.0436719
0.0360715
-0.048931
0.0663058
0.142318
-0.0544241
0.0272023
0.107487
0.0692757
0.149277
0.154318
-0.118588
0.192423
0.0513114
-0.0319642
-0.0170897
0.059578
-0.0297309
0.0983938
-0.0974011
0.00659898
-0.0746259
-0.058042
-0.14206
0.185725
0.12666
-0.0622314
0.0814045
-0.102377
-0.117457
0.0732703
0.0195126
-0.0542009
0.111716
0.0215112
0.0371136
0.0662173
0.00667775
-0.0136448
0.0351594
0.159352
0.0654419
0.0807134
-0.00309822
-0.195026
-0.0884648
0.0580369
0.0734621
-0.0816496
0.0165655
0.108544
-0.0184761
0.0694156
-0.0497083
-0.12716
-0.0291528
0.0579842
0.0488699
0.103495
0.0359212
0.0150349
0.0344442
-0.16878
0.019458
-0.086064
0.0138384
-0.1818
-0.0483466
0.136374
-0.0382531
-0.0809143
0.0525475
-0.15958
-0.083526
-0.0831829
0.0368676
0.0255226
0.0435809
0.0120177
-0.134917
-0.00244143
0.0364431
0.112911
0.0174251
0.0121642
-0.0511799
0.0468528
0.0137711
-0.133791
-0.104203
-0.0770747
0.0391192
-0.0826345
-0.160592
-0.0842721
0.116945
-0.0955146
0.0772567
-0.0130964
-0.0623001
0.0911922
0.0371098
0.0777525
0.0498081
0.0185491
-0.0246894
-0.0693902
0.128074
0.115677
-0.097964
0.0909565
-0.0553415
-0.0110796
0.00762728
0.00655637
0.0339977
-0.0811691
-0.00883082
-0.0724637
-0.118211
0.0536221
-0.124256
-0.15098
0.074937
-0.165679
-0.0968283
0.0778377
-0.0134533
0.0398597
-0.0570694
0.173379
-0.0852609
0.0858516
0.00494541
0.0648179
0.106206
0.0470663
-0.0757407
0.0224186
0.0971605
-0.115023
-0.158413
0.130154
-0.136752
-0.123302
-0.0616663
0.0466148
-0.153806
0.0282587
0.0599796
0.0232682
0.01046
0.0402667
-0.0427712
-0.0425616
-0.0536121
0.0189304
-0.0467577
-0.0829749
-0.0526152
-0.0683965
-0.153689
-0.170911
0.109315
-0.0215194
0.0615223
-0.100018
-0.00623783
-0.182658
0.118127
-0.0422192
-0.0910608
0.0240253
0.0450926
0.0456868
-0.120489
-0.0896922
-0.00729629
-0.011312
-0.0983393
0.0357509
-0.00611901
-0.0163526
0.0274294
0.044715
-0.0116762
-0.0445304
-0.0332496
-0.132101
-0.130878
0.122185
0.078223
0.0130127
0.184518
0.0570987
0.0388252
-0.059067
-0.0193335
0.0790686
0.0112335
0.0556613
0.0905212
0.0147442
0.0211302
-0.0692758
-0.0394726
-0.135711
0.0564168
-0.0625462
-0.0811403
0.035954
0.0738401
-0.055234
0.0142786
-0.12305
0.0863486
-0.0972996
0.0432637
0.0397863
-0.0883039
0.0390358
0.179439
0.0180569
-0.110608
-0.145336
0.0479267
0.0766944
0.0835997
-0.077091
0.0558388
-0.0690457
-0.010665
-0.108947
0.00436103
-0.07985
-0.0843818
-0.0444801
0.133158
0.117452
-0.0706065
0.0108604
-0.030083
0.0261856
0.0328359
0.01401
-0.0186766
-0.114222
-0.0663426
0.039845
-0.0506969
-0.0706763
0.00608387
-0.181068
-0.011758
-0.00456001
0.00592608
-0.0270063
-0.0562665
-0.0152727
0.0692388
-0.0907494
-0.153261
0.0433825
0.135891
-0.159664
-0.131104
-0.0675813
0.0460343
-0.0420734
0.0253694
-0.0039465
-0.0677477
-0.0176193
0.0217186
0.11302
0.146436
-0.00964579
0.0266106
-0.0188436
-0.150124
-0.027191
-0.0407737
0.163216
0.0185735
0.0825822
-0.0144452
-0.0512966
-0.186247
0.088967
-0.0630267
0.0349019
0.168569
0.0484449
-0.0301206
0.0510947
0.00329802
-0.0852329
0.133707
-0.0223626
0.00224572
0.097355
-0.110604
-0.0768456
-0.00923028
-0.190429
-0.00110185
0.060321
0.0878954
-0.108928
-0.083856
0.0241574
-0.093247
-0.056337
0.046663
-0.0369809
0.104443
-0.154383
-0.0299881
-0.0363988
-0.121513
-0.0308172
0.00309021
0.0144711
-0.123665
-0.101801
0.058836
0.0760349
-0.00193444
-0.0883531
0.076473
0.0753432
0.147897
0.0255519
-0.00828203
-0.000192165
0.00802824
0.054811
-0.12523
0.0659655
-0.0077786
0.050316
0.104333
-0.15325
-0.00438856
0.112964
-0.165431
-0.0462158
0.0652297
-0.0812
-0.0130132
0.0165603
-0.125716
0.197051
0.081394
-0.0765615
0.135773
0.0991338
-0.180764
-0.0146137
0.0336428
0.0932155
-0.103466
-0.0626716
-0.0351872
0.00801785
-0.110135
-0.0321102
0.012329
0.0659569
0.00620262
0.148156
-0.0741011
0.162038
0.0285511
0.0620704
0.0572988
0.1
0.1
0.0852049
0.0981524
0.131373
0.0558892
0.0780646
0.109809
0.0579258
-0.121947
-0.0717734
-0.0921862
0.0527793
0.0227533
-0.0213487
0.0788001
-0.0367282
0.0292942
0.0210552
-0.129545
-0.140889
-0.0985188
-0.040226
-0.111727
-0.0700272
0.150411
-0.129841
0.138146
-0.103885
-0.18876
0.0724672
-0.0119613
0.110569
0.00309229
-0.12862
0.101961
0.0819324
-0.102629
-0.190677
0.0526764
-0.0927615
0.00429464
-0.0247827
0.180877
0.142924
0.0563517
0.0126048
0.182428
0.0240974
0.0836638
-0.0353272
0.116929
-0.00515339
0.0361103
-0.013886
0.0796084
-0.0162029
-0.0466705
-0.0969768
0.0383802
-0.106544
-0.0128378
0.0644977
0.0509631
0.0228379
-0.117069
-0.0323908
0.0840641
0.0533805
-0.19624
0.00425686
0.0104731
-0.0485722
0.00228431
