123,224,123,224,255,-137.70,41068.00,6998.74
123,226,123,226,255,-137.70,41073.00,6997.88
123,229,123,229,255,-137.70,41081.00,6996.49
123,230,123,230,255,-137.70,41084.00,6995.97
123,235,123,235,255,-137.70,41097.00,6993.72
123,238,123,238,255,-137.60,41105.00,6992.34


32,33,251,191,200,13,129,140,87,86,255,255,25,115,255,255,128,0,209,246,255,255,
123,248,123,248,255,-137.60,41132.00,6987.68
123,247,123,247,255,-137.60,41129.00,6988.19
123,252,123,252,255,-137.60,41142.00,6985.95
124,0,124,165,0,-137.60,41488.00,6926.40
124,2,124,165,0,-137.60,41491.00,6925.88
124,5,124,165,0,-137.50,41493.00,6925.54
124,8,124,165,0,-137.50,41495.00,6925.20
124,11,

32,33,251,191,200,13,129,140,87,86,255,255,25,115,255,255,128,0,209,246,255,255,
124,22,124,165,0,-137.50,41504.00,6923.65
124,25,124,165,0,-137.40,41506.00,6923.31
124,26,124,165,0,-137.40,41506.00,6923.31
124,24,124,165,0,-137.50,41505.00,6923.48
124,29,124,165,0,-137.40,41508.00,6922.97
124,29,124,165,0,-137.40,41508.00,6922.97
124,31,124,165,0,-137.40,41510.00,6922.62


32,33,251,191,200,13,129,140,87,86,255,255,25,115,255,255,128,0,209,246,255,255,
124,29,124,165,0,-137.40,41508.00,6922.97
124,28,124,165,0,-137.40,41508.00,6922.97
124,28,124,165,0,-137.40,41508.00,6922.97
124,26,124,165,0,-137.40,41506.00,6923.31
124,26,124,165,0,-137.40,41506.00,6923.31
124,24,124,165,0,-137.50,41505.00,6923.48
124,22,124,165,0,-137.50,41504.00,6923.65
124,22,124,165,0,-137.50,41504.00,6923.65
124,26,

32,33,251,191,200,13,129,140,87,86,255,255,25,115,255,255,128,0,209,246,255,255,
124,26,124,165,0,-137.40,41506.00,6923.31
124,28,124,165,0,-137.40,41508.00,6922.97
124,28,124,165,0,-137.40,41508.00,6922.97
124,27,124,165,0,-137.40,41506.00,6923.31
124,32,124,165,0,-137.40,41510.00,6922.62
124,36,124,165,0,-137.40,41512.00,6922.28
124,40,124,165,0,-137.40,41516.00,6921.59


32,33,251,191,200,13,129,140,87,86,255,255,25,115,255,255,128,0,209,246,255,255,
124,38,124,165,0,-137.40,41514.00,6921.94
124,36,124,165,0,-137.40,41512.00,6922.28
124,39,124,165,0,-137.40,41515.00,6921.77
124,37,124,165,0,-137.40,41514.00,6921.94
124,36,124,165,0,-137.40,41512.00,6922.28
124,39,124,165,0,-137.40,41515.00,6921.77
124,38,

71,9,82,47,200,13,129,140,87,86,255,255,25,115,255,255,128,0,209,246,255,255,
124,38,124,165,0,-137.40,165175.00,-4319.40
124,38,124,165,0,-137.40,165175.00,-4319.40
124,34,124,165,0,-137.40,165183.00,-4319.85
124,34,124,165,0,-137.40,165183.00,-4319.85
124,32,124,165,0,-137.40,165191.00,-4320.30
124,31,124,165,0,-137.40,165191.00,-4320.30
124,32,124,165,0,-137.40,165191.00,-4320.30
124,33,124,165,0,-137.40,165185.00,-4319.96
124,32,124,165,0,-137.40,165191.00,-4320.30
124,34,124,165,0,-137.40,165183.00,-4319.85


32,33,251,191,200,13,129,140,87,86,255,255,25,115,255,255,128,0,209,246,255,255,
124,35,124,165,0,-137.40,41511.00,6922.45
124,34,124,165,0,-137.40,41511.00,6922.45
124,32,124,165,0,-137.40,41510.00,6922.62
124,32,124,165,0,-137.40,41510.00,6922.62
124,30,124,165,0,-137.40,41509.00,6922.80
124,30,124,165,0,-137.40,41509.00,6922.80


32,33,251,191,200,13,129,140,87,86,255,255,25,115,255,255,128,0,209,246,255,255,
124,26,124,165,0,-137.40,41506.00,6923.31
124,27,124,165,0,-137.40,41506.00,6923.31
124,27,124,165,0,-137.40,41506.00,6923.31
124,25,124,165,0,-137.40,41506.00,6923.31
124,24,124,165,0,-137.50,41505.00,6923.48
124,24,124,165,0,-137.50,41505.00,6923.48
124,24,124,165,