0.5013714
0.6082017
0.8149281
0.7620181
0.727781
0.5341568
0.8261852
0.5992565
0.9201554
0.5092177
0.3729371
0.7170957
0.6849742
0.5873887
0.9656266
0.9339823
0.5964189
0.4332991
0.7544087
0.9343613
-0.6765108
0.5058311
0.4869357
-0.4246277
-0.01781372
-0.8055902
0.1011864
-0.8146519
-0.7285378
0.002219523
0.5857962
0.06289286
-0.3476528
-1.069284
0.5214086
-0.7561222
1.113203
0.7262647
-0.7760293
-0.2442473
0.3852458
-0.6125505
0.825392
0.8711802
-0.7385135
-0.5845429
-0.3666916
-0.5526189
1.364244
0.08408317
-0.2071554
1.078012
-0.6180129
0.5812006
0.6242239
0.5422919
-1.190664
0.6827878
-1.12041
0.2767547
0.2486117
0.3299878
0.1617495
0.2661726
0.4155758
0.2481394
0.372958
0.2493648
0.3394538
0.3657468
0.444223
0.2245017
0.1868639
0.4548403
0.2072634
0.3567114
0.4353167
0.3465257
0.3690403
0.2958506
0.3820876
-0.02658833
0.1516891
0.1160774
0.6275899
-0.2000222
0.4183487
-0.09805685
-0.3932603
0.5006016
-0.07027398
-0.2031883
0.5719981
0.2930849
-0.4637151
0.1974201
0.4583811
-0.2054949
0.5883343
0.7834976
-0.03377056
0.2849405
0.3687226
0.4245118
0.1646814
0.1000886
0.442795
0.2971218
0.001294147
0.1509059
0.2630835
-0.1509556
0.225281
0.2072584
0.1056773
-0.1408751
-0.07853431
-0.07089145
0.005294343
-0.03852015
-0.3448427
0.2602156
0.2234244
0.3645122
-0.1488791
0.1194165
0.1893621
0.4791155
0.07791501
0.06127807
0.3385578
-0.03676803
0.1400208
0.2400237
0.2816007
-0.3391142
-0.2356448
0.02644986
-0.3298889
-0.1355992
0.4280523
-0.05276698
-0.08913396
-0.1029258
0.3797095
-0.03079301
-0.05855675
-0.1187751
-0.07120965
0.1205489
-0.02748372
-0.05685949
0.0396883
0.05670585
-0.1667404
0.2815844
0.3059314
-0.06527883
0.5534352
0.4116706
0.06810006
0.289096
0.5003411
0.4124217
0.2148448
0.1504656
0.6714534
0.4439152
-0.1985489
0.3550639
0.1900579
-0.4223928
0.5393519
0.4274053
0.1445679
-0.1494665
-0.05124752
-0.2505495
-0.0259443
0.3115723
0.4259335
-0.1345958
0.034315
-0.1539287
0.2851105
-0.1215872
-0.1105068
-0.1498528
0.008174916
0.2511689
-0.1603138
-0.06869975
0.1624615
0.103267
-0.2233833
0.404962
0.4367675
-0.06680374
0.6792685
0.6413458
0.296107
0.04625277
-0.110295
-0.09821361
0.04739716
0.180365
-0.2766174
-0.02314225
0.4873793
-0.03578736
-0.1709504
0.3893591
-0.1492693
-0.09018591
0.3168775
0.5762917
0.3819658
0.2782474
0.3210751
0.1404546
0.1436352
-0.1309336
-0.3458872
-0.3089731
-0.02853999
0.1603974
-0.3307073
-0.1554132
0.5504292
-0.04612274
-0.1965311
0.6518223
-0.2015832
-0.242955
0.2798025
0.5192908
0.2237445
0.5023708
0.1936785
-0.04738288
0.1514648
0.1540509
0.02838967
-0.03937398
-0.1031211
0.2263891
-0.1737705
0.001285774
0.5234656
-0.1012999
0.1160972
0.3445585
-0.1705552
-0.1211287
0.5143388
0.2632133
0.06004579
0.2713354
0.03457249
-0.128326
-0.03389468
0.3394647
0.1454218
0.2371215
-0.1613121
0.2694508
0.1914891
0.3150564
0.5507188
-0.07350134
0.196239
0.3477591
-0.03490151
0.04699763
0.676205
0.1527851
-0.01281839
0.3025571
-0.1415314
-0.2554946
-0.1164879
0.4236056
0.5290602
0.5975585
0.2365141
0.1237055
0.6084487
0.5017021
-0.0420034
0.3247971
0.4766921
-0.143638
0.4634768
0.4527307
0.2284881
-0.2002707
-0.1435609
0.02106673
-0.1562188
0.1137395
-0.06865424
0.1100729
0.4001344
0.4634012
0.1760514
0.01647579
0.5439011
0.1507808
-0.04107648
0.2984193
0.1600585
-0.2458088
0.3048386
0.3617169
0.04707452
-0.06956016
-0.03669565
-0.0343662
-0.00587346
0.06117956
0.002447678
0.08099875
0.3878104
0.3494062
0.1988973
0.0105632
0.4503883
0.2676166
-0.10217
0.0906252
0.1775686
-0.1602489
0.1817737
0.2385444
0.02712541
-0.1764855
-0.1931959
-0.01405186
-0.1185389
-0.03189522
-0.07481389
0.3599272
0.1430761
0.3410298
-0.2060908
0.459701
0.2100944
0.378714
0.6651956
-0.2011442
0.2816206
0.5038581
-0.1158492
-0.01351902
0.7072519
0.2379855
-0.07555025
0.3935498
-0.0994005
-0.2033218
-0.2158247
0.3467809
0.3048991
0.2994956
0.004702019
0.2157086
0.3390352
0.4314823
0.2020551
0.09253352
0.3210664
0.01284259
0.1333456
0.1783094
0.33422
-0.2684134
-0.2425047
0.1008744
-0.330801
-0.2506229
-0.07189547
0.400166
0.1610261
0.05140637
-0.247743
0.3676507
0.02762502
0.3762475
0.7560617
-0.1160506
0.2332151
0.5307264
-0.05926355
-0.06683682
0.8753937
0.28783
-0.07614845
0.3247917
-0.1722762
-0.3471539
0.5835513
-0.05041699
0.08713541
0.06153159
0.4967394
-0.1472287
0.185648
-0.01357621
-0.04771604
0.4353722
-0.1123193
-0.03953971
0.4000462
0.3157322
-0.3444969
0.3524208
0.5941667
-0.03104739
0.8808787
0.9052415
0.3890182
-0.06723964
-0.2072123
-0.1587798
0.1386375
0.2070506
-0.1847207
-0.2323623
0.4146831
-0.03349883
-0.1669216
0.5019175
-0.1364795
-0.05466314
0.03378471
0.7498337
0.524453
0.2193841
0.5193655
0.2242473
0.1686471
0.07743289
-0.2308754
-0.09000716
-0.0378131
0.2473388
-0.2332574
-0.05320658
0.6784837
-0.05801139
-0.04109227
0.5538884
-0.1110814
-0.05147135
0.4680428
0.4360836
0.2971242
0.3870688
0.2202161
0.06541561
0.2801768
-0.0673625
0.3115994
0.2924148
0.5746003
-0.2063774
0.3812127
-0.05690627
-0.286876
0.4680435
0.08549119
-0.3041303
0.4724812
0.2408738
-0.4213174
0.200199
0.2619124
-0.2301341
0.6927902
0.7814062
0.0781711
0.1330895
0.084535
0.0749153
0.04651155
0.09352519
0.04544565
0.1060139
0.1232187
0.1391538
-0.8286051
-0.4673319
-0.6429623
-0.0730603
-0.496375
0.09447549
0.2728395
0.4342656
0.286385
0.1067994
-0.6504831
-0.08925827
-0.2458543
0.2446462
-0.3985477
0.2849781
-0.1521866
0.4021928
0.3140391
-0.8560371
0.03566634
0.3530674
0.2913091
-0.4355268
0.4577546
-0.6568677
-0.8693936
-0.2279578
-0.3213634
0.1298717
0.406498
0.3028969
0.37798
0.04308955
0.3178724
-0.1633579
-0.32717
-0.4534472
-0.8414158
0.1367939
0.4986009
-0.008249063
-0.5883546
0.3912347
0.2353387
0.3381258
-0.2217905
-0.7706186
-0.5968341
-0.6960775
-0.06834785
0.09179287
-0.03447872
-1.022874
-0.4996309
-0.7195421
0.3774822
-0.09126487
-0.3406089
0.3043483
0.3836701
0.1265044
0.09418014
-0.1008911
0.2910723
0.08644199
-0.6694738
-0.1649458
-0.4126022
-0.3552449
0.2979068
0.3271193
0.2622546
-0.5606768
0.154748
-0.8247927
0.227673
-0.5279332
-0.6891606
0.3802269
-0.6262446
0.1933054
0.3475398
-0.3167281
0.1678751
-0.4037209
-0.4978527
-0.5313039
0.1408735
0.4003931
0.2615733
0.09431568
0.1289334
0.5297283
0.3391531
0.3969615
-1.093681
-0.8670796
-0.2877764
-0.4457833
0.008693384
-0.5518848
-0.2787919
0.1585698
-0.7880856
0.220147
0.2696553
0.3307753
0.1298793
-0.1990382
-1.022796
-0.4939818
-0.2145926
-0.1933583
-0.5108884
-0.04316757
0.1104768
0.5173219
0.357117
-0.1150721
-0.4905364
-0.2845723
0.1564098
-0.7849704
-0.7985206
-0.793715
0.06797185
0.3293741
0.3580636
0.3700645
-0.2420948
-0.4712712
-0.5254588
0.4781956
0.186057
0.6609709
-1.291912
-0.178333
0.2792376
-0.7920492
0.3111823
-0.3958279
-0.001463717
0.4480884
-0.3892665
0.4240228
0.1923933
-0.04023048
-0.1228879
-0.5361543
-0.5669258
-0.4276743
-0.2800015
-0.8703064
-0.2384544
-0.6085314
0.3317821
0.257581
0.03780056
0.2706593
0.08779034
0.07879699
-0.005045348
0.1482297
0.1921239
0.1871172
-0.03973724
-0.3376299
-0.1178187
-0.114536
0.1397033
0.005872964
0.004984746
-0.09212945
-0.07975826
-0.1349658
0.1138232
0.07944308
-0.2245886
0.2350746
-0.4815089
0.1246641
0.1550994
-0.2389547
-0.07588483
-0.2260283
0.1980668
-0.04165905
0.2146092
0.2355113
0.1808625
-0.07778111
0.1059058
0.2865394
0.1105317
0.2387246
-0.2298476
0.06209227
0.2022977
-0.4339816
