-0.02992389
0.06308647
-0.006702241
0.06805743
0.2405112
-0.1035435
0.1126261
0.07892171
0.04128749
0.05964139
0.1992171
0.1752682
0.1821464
-0.03765334
-0.1384827
0.1519372
-0.05072924
0.3771703
0.2403158
0.1262794
-0.1472803
0.1528279
0.06726585
-0.1659437
-0.3259829
-0.389259
-0.2482116
-0.4330604
-0.164965
-0.08028197
-0.1217911
-0.290391
0.001396703
0.1804753
0.1483955
-0.04680957
0.2292666
0.2035312
0.0467271
-0.153306
0.06913622
-0.09510165
0.0217085
0.08838121
0.3939579
-0.3386207
0.03910748
-0.001368499
-0.250158
0.1680257
-0.1862304
0.04993335
0.07603988
-0.03973882
-0.1352956
-0.1797382
-0.01997971
-0.159615
-0.4547347
0.01506016
0.09264331
-0.1428042
-0.3524387
-0.04045006
0.2290815
-0.2411435
-0.2924134
-0.442778
-0.009365834
0.02667481
0.03244247
0.005501868
0.03516718
0.001021134
0.04029636
0.0375796
-0.2826947
0.2933468
-0.3397205
-0.08029494
-0.0988272
-0.05035917
-0.03038067
0.02783677
0.1242155
-0.3192971
-0.1568318
-0.2425317
0.1343567
-0.05994298
0.1361225
-0.2087911
0.1366805
0.05215662
-0.03259244
-0.2459319
0.06002862
0.1529773
-0.002705992
-0.1087885
0.01978799
-0.1999888
0.1250323
-0.07098693
-0.1134002
-0.08876989
0.07090826
-0.1350309
-0.05291444
-0.1472802
0.2838717
-0.05594954
0.165804
-0.2697194
0.1165989
0.260532
-0.1004421
-0.1934939
0.01806416
-0.1020046
-0.1261869
-0.01256037
0.06395952
0.1263876
0.1764339
-0.2448344
-0.1237907
-0.1880014
-0.2516496
0.1250821
-0.003963593
-0.1334003
-0.07043534
0.07652453
0.04761942
0.06160944
-0.3120748
0.1113638
0.01020729
0.1463111
0.1615888
-0.08422399
0.1242562
0.002995291
0.02878929
0.1557945
0.09206358
0.124662
0.1220854
-0.02920377
-0.05896131
-0.07007049
0.04398045
-0.03909181
0.01851499
-0.1927515
-0.06199664
0.05912404
-0.00325897
0.1087577
-0.04836561
0.1733642
0.07543508
0.1309633
-0.01027594
-0.07193778
-0.01957257
-0.03524378
0.1094554
-0.02447311
-0.01213682
-0.07554694
-0.1533895
-0.03728595
-0.3003112
-0.08448987
-0.2957013
0.1286453
-0.1043263
0.1080203
-0.08505784
0.02647728
0.08476587
-0.05111984
0.006737888
-0.2621662
0.004217188
-0.1407665
-0.3225794
-0.05458797
-0.07195663
-0.08317203
-0.1492036
0.196748
0.09180509
0.1606624
-0.2276223
-0.0777024
-0.3632886
0.1440378
0.1092928
0.0009914953
-0.06197913
-0.09579852
0.1265191
0.3004974
0.08165487
-0.182981
0.08836605
-0.1030001
-0.0281279
-0.03919549
-0.06602623
0.0967932
0.1639211
0.09135528
-0.2522082
-0.00870171
-0.08180425
0.1689401
-0.1362734
0.123666
-0.05803229
-0.2381886
0.08999455
-0.08609527
0.1472607
0.235357
-0.3331356
-0.0472111
-0.08677682
0.07303169
0.050427
-0.1014472
0.08622318
-0.04252307
-0.1864897
-0.07434577
-0.118681
0.1150427
-0.141679
-0.09419609
0.1110097
0.1206783
-0.216708
-0.0437319
0.1274801
0.03445484
-0.01927429
-0.04161492
0.0629202
-0.06592002
-0.1814402
0.002233669
-0.1010082
0.1554415
-0.1714245
0.01772536
0.03573447
-0.003580515
-0.0009824242
-0.09071315
-0.1143396
-0.289441
0.1976513
-0.1354131
-0.2047011
-0.317162
-0.1211166
0.01976968
-0.1693981
-0.04234378
0.06043167
0.1085006
-0.005258966
-0.0651186
-0.23009
0.001122393
-0.1460328
0.06354851
-0.1970854
-0.0634506
-0.005385499
-0.05709189
0.003619998
-0.05108198
0.1306976
-0.05353604
-0.0706346
0.2807382
-0.09063732
-0.1980688
-0.160164
0.106786
-0.2673648
-0.05450519
0.004919237
-0.2064372
-0.01445539
-0.1048817
-0.2268291
-0.2185752
0.1300059
-0.007820943
-0.1658301
-0.01625033
-0.1370007
-0.07168863
-0.06998807
0.03567573
0.01133652
-0.05819089
-0.04900286
-0.05782758
-0.0834562
-0.1121048
-0.3095113
0.04230755
-0.04632142
-0.05969871
0.005771754
0.250091
0.1094318
0.1062555
-0.2572395
-0.2968239
0.00335064
0.01461175
-0.3118644
-0.2549673
-0.1124503
0.01207189
-0.03211528
0.2091699
-0.005376772
0.09796957
0.1572041
-0.09917094
0.01168904
-0.07435811
-0.06749424
-0.3060782
0.287778
0.2336214
-0.3074106
0.1038294
0.1092442
0.3098892
-0.2476065
0.05510771
-0.3513773
0.2411562
0.2993084
-0.1068929
-0.2723911
-0.4073249
-0.03137926
-0.2401842
0.2618518
0.1746858
-0.1164717
-0.1703435
-0.0543131
0.2726391
-0.1115793
0.1548255
-0.573824
-0.006969779
0.1184755
-0.2489711
-0.1483582
-0.2155308
0.08138053
-0.3857283
-0.008680657
-0.0280828
-0.3059436
-0.1153415
0.1051898
-0.09392565
-0.06007063
0.07137258
-0.349172
0.1722163
0.01497878
-0.2641687
-0.07714855
-0.2492769
0.03437162
-0.1622895
0.1464666
-0.05044369
-0.3451689
-0.1924674
0.1576235
0.191827
-0.0406432
-0.1454461
0.04465127
-0.1144785
-0.1285419
0.02112963
-0.1783777
-0.2568114
0.002149556
0.1435525
0.04716415
-0.04127018
0.1058875
0.06995389
0.00109355
-0.01383385
-0.1824523
0.1260626
-0.1270892
-0.07006395
-0.09439479
-0.04301872
-0.1254647
-0.07137352
0.110236
-0.03698713
-0.01636166
-0.02097547
0.04946724
-0.1637468
0.08539332
0.05267629
0.05708214
0.01882245
-0.02549738
-0.09632918
-0.1087122
-0.001119498
-0.1185632
-0.1367329
0.1691267
-0.254739
-0.0170876
-0.2467311
0.07009714
0.03044484
-0.04973022
-0.05380783
0.09367967
-0.0002473907
-0.1478858
0.1526249
0.01475189
0.04667034
-0.120228
-0.04445488
-0.1145804
-0.1396024
-0.06824898
-0.03732828
0.1519194
-0.1939904
-0.03913173
0.03068027
0.02273107
-0.08528659
-0.0199274
0.09375277
-0.01123572
-0.001951045
0.1012731
0.05287278
-0.003586627
-0.01646237
0.08393741
0.04445906
-0.2108866
0.05206138
0.04692722
-0.1844078
0.07985101
-0.1839805
-0.05147208
-0.05150172
-0.1184063
0.01386989
0.0114371
0.06698211
-0.1032004
0.01491966
-0.07224479
-0.06807701
-0.1788732
0.4058615
-0.04317304
0.05546144
0.1213727
-0.3079802
-0.0001398721
-0.04613941
0.03835721
0.1406909
0.07693781
0.1924616
0.1123505
-0.2060618
-0.2321863
-0.1376235
-0.03738656
0.0873047
-0.01311137
-0.3172273
-0.03957089
-0.1354965
0.1026798
-0.01898197
0.005035159
-0.1259594
0.1163834
-0.07218042
0.04813931
0.04394824
-0.03221096
-0.05949146
0.1224604
-0.06684686
-0.0409084
-0.2364198
0.06321471
-0.1822947
-0.05736328
-0.1173179
0.007683983
-0.3418479
0.06233766
-0.2907661
0.03629711
-0.3720915
-0.06997595
0.05678119
-0.142979
-0.1500498
0.03757874
0.2431545
-0.1296636
0.1790685
-0.1073729
-0.1903921
0.19256
-0.4258902
-0.0006933615
-0.2047437
0.07889511
-0.4352559
0.1349789
0.2711417
-0.1472654
-0.03479614
-0.05957392
0.0716316
0.03337518
-0.01502353
-0.3481821
-0.1240274
0.03142877
-0.1692598
0.02152239
-0.08238475
-0.1320207
-0.210822
0.2297916
0.1467536
-0.1798286
0.05085205
0.1231436
0.0003652191
0.1962666
0.09434649
-0.1465892
-0.254893
-0.1239576
0.1753615
0.1501284
-0.1274573
-0.1376754
-0.1303386
0.1653883
-0.09898414
-0.1377347
0.04883537
0.1408087
0.008885464
-0.04496758
0.0007647055
0.002979854
0.03916854
0.04512292
0.1225023
-0.02333164
0.02420206
0.02774399
-0.005008135
0.01036676
0.03162579
0.06570656
-0.05127944
-0.06271181
0.0182323
-0.1080395
-0.05322624
0.06815445
-0.02300789
0.0216682
0.02727327
0.04560895
0.1207356
-0.0687984
-0.1655295
0.1146049
0.01648051
-0.003686818
-0.0701092
-0.01968308
0.01688743
0.1262723
0.0817507
-0.1235072
-0.077245
0.009711018
-0.03475226
-0.1042763
0.02681912
-0.01914815
0.01259006
-0.09619812
0.02702074
-0.004899689
0.04624845
0.03887176
0.04551545
0.01178023
0.1583793
-0.1442031
0.06920011
-0.04174517
0.03573872
-0.03402265
0.05931905
0.03737886
0.01162708
0.07373234
-0.1132122
0.03307245
-0.03928115
-0.02310918
0.05090032
0.02976791
-0.02839562
-0.0382149
0.01657012
-0.1973749
-0.04425795
0.03398509
-0.04752671
-0.130486
0.05904946
0.09268063
0.06296615
-0.1141421
0.03307604
0.1361332
-0.001875659
-0.06078098
0.009495316
0.1481831
0.1012812
0.0187318
0.03883925
-0.06897991
-0.04961156
-0.01664703
-0.01475597
0.08049094
0.07665663
-0.01424526
0.1307822
-0.03368055
0.01634144
0.01461466
-0.04630612
-0.03332867
0.04017131
-0.01901924
-0.05041351
-0.06082328
-0.01633155
0.0419688
-0.01015525
0.02293758
0.04014333
-0.02435425
-0.0481266
0.006368177
-0.03136509
0.0751344
-0.01411615
-0.02669748
-0.08114778
-0.06682765
0.02816605
0.0199623
-0.01509095
-0.03290414
-0.02825868
-0.06456185
-0.07691585
0.02771802
0.01015106
0.03239839
-0.134176
-0.006885057
0.007465094
-0.009822491
-0.005070463
0.002166302
-0.02888378
0.019944
-0.02978086
0.00411442
0.08415084
0.0656553
0.1933004
0.2144598
-0.07769126
-0.009585228
-0.04111693
0.02296481
0.1294879
-0.02871116
0.1253364
-0.01078851
0.08533113
0.006353821
0.009232387
0.03583034
0.001459475
-0.01221825
0.0396754
0.09295993
0.0004185669
0.01908779
0.026009
0.01739433
0.04346803
0.008997224
-0.02204051
0.04122314
0.03375208
0.009330047
0.03091938
-0.04072481
-0.01865259
-0.04901543
-0.003757579
0.07746606
0.0190237
-0.05029533
-0.1222115
0.01221567
0.0284959
-0.06591915
-0.03037351
0.02937712
0.01283312
0.03011004
-0.06810587
-0.0894213
-0.01804877
-0.003627446
-0.01697738
-0.02655273
-0.1211794
0.03080713
-0.05004993
-0.1265183
-0.05186966
-0.00671021
0.03433568
0.4332292
0.0472786
-0.005853746
-0.00965992
-0.07873254
-0.04226175
0.01490164
-0.004823728
0.004964368
-0.1121612
0.1460722
0.005258428
0.02778983
-0.08796394
-0.005214197
-0.1763942
0.01457673
0.03811853
0.02536988
0.001897403
-0.02733978
0.01650798
0.02664423
0.2218921
0.01542871
-0.02174191
-0.07136898
-0.02575881
0.04660971
0.0429865
0.02275169
0.005524271
-0.07743733
0.001675277
0.06111354
0.04078339
0.08606542
0.07456243
0.0004073504
-0.0523562
0.04949507
0.03476935
-0.05344474
-0.01606586
0.2397089
-0.04776048
0.004103242
-0.007480813
0.162915
0.01170756
-0.1774887
0.03817315
0.2706889
-0.03749885
-0.03869793
0.05486012
0.005381893
0.006351411
0.01056319
0.03235732
-0.0003114892
0.06401443
0.2119659
-0.08489079
0.03131486
-0.08703304
0.3857244
0.07399526
0.01858641
0.2832264
0.01614359
-0.3816195
0.06916189
-0.01902827
0.0503075
-0.04222305
0.01540455
-0.02309443
-0.06604323
0.08047981
-0.03136005
-0.0406891
-0.2890156
-0.002743854
-0.07699182
-0.1320427
-0.04096047
-0.05937854
0.00883843
0.1077563
0.01341521
-0.005583416
-0.03690778
-0.03641401
0.15028
-0.002484339
0.02090337
-0.007208986
-0.07418379
-0.04004228
-0.001087192
-0.02768135
-0.02516075
-0.06903667
0.1739728
-0.08948159
0.02511145
0.04824212
-0.1104597
-0.03111607
0.1197254
0.01699137
0.1559078
-0.04287473
0.02650847
0.07195801
-0.3084615
0.04910411
0.004956574
-0.1193582
-0.02708679
-0.001430565
0.06467387
-0.06974418
0.2460561
0.08214003
-0.1060642
0.1941327
0.01333372
-0.01735593
-0.1473169
-0.4311587
0.02244807
-0.1436495
-0.04946809
-0.02377628
-0.007752838
-0.003356386
-0.2556603
0.1578668
-0.1119116
-0.1905112
-0.01221177
-0.04488692
0.03714621
-0.0999226
-0.002875204
0.04046149
0.05180148
-0.03809722
0.08668949
-0.02434056
0.05143442
0.03007042
0.02588846
-0.03175188
0.1071926
-0.04919721
0.08913191
-0.02509134
0.1130742
-0.0443728
-0.0252819
-0.02511137
0.1849805
0.06618034
0.03413369
-0.03703373
0.1385216
0.003381791
0.07913654
0.01057559
0.04591816
0.05650908
-0.05737957
0.1041031
0.01930068
0.02884385
-0.04185946
-0.2056539
0.04639945
0.08197935
-0.587496
0.1883453
-0.1038361
-0.02305712
0.0227469
-0.1462803
0.02932131
-0.002885466
-0.09343725
-0.0346223
0.05249272
-0.004512487
0.09632671
-0.06092724
-0.231109
0.1145324
0.04359879
-0.005362188
0.07144256
0.01208795
-0.01303971
-0.01259016
-0.003178052
0.02667224
-0.03192789
0.08908423
0.01539043
0.08513577
0.04931219
0.08611545
0.05587718
0.09834144
0.001914465
-0.03923321
-0.1872538
-0.07565539
-0.04154291
0.006499534
-0.07309021
0.01934519
-0.05393247
0.04697644
-0.1278844
-0.05091978
-0.005333373
0.03787004
-0.02898567
-0.0903798
-0.05926197
0.04181873
-0.1428704
0.05287016
0.05510969
0.03838335
0.06900278
-0.1914624
0.0262698
0.169169
0.005042193
-0.01986231
0.02435673
0.02689935
0.03360723
-0.1407934
0.08313648
-0.01523513
0.04528762
0.07113965
-0.03137732
0.1427386
-0.06070151
-0.04912643
-0.07180107
0.07411131
-0.007857537
0.006785004
0.00957296
0.07126839
-0.0400714
0.0139838
-0.04703587
0.07563271
0.04989935
0.007640173
0.003010594
0.03162561
-0.03654215
-0.09315518
0.02362229
0.05921805
-0.05224846
0.01398124
-0.1380235
-0.01665416
0.03812737
-0.01929232
-0.01922536
0.01840658
-0.004114497
0.06139358
-0.1530044
-0.1062902
-0.001456159
-0.02504381
-0.1726944
0.1036957
0.05394163
0.01739923
-0.08563787
-0.04385026
-0.01594438
-0.2008653
-0.03713112
0.173094
0.07666931
0.005255887
-0.01784426
0.06149453
-0.04892233
-0.0003309429
0.02273541
0.2751703
-0.06385596
0.04319111
-0.1003949
0.09177564
-0.07173717
0.002295344
-0.03066477
0.08505085
0.1223322
0.1192598
0.05663048
0.1998027
0.144982
0.02560726
0.02760666
-0.009466433
0.0728313
0.02357071
-0.05417388
0.0925708
0.0886621
0.01711478
0.03269545
-0.02411782
-0.04645189
-0.009679444
-0.04833364
0.06952302
0.1116783
-0.01550628
-0.05382684
-0.02773383
0.009688374
-0.03108513
0.04315469
0.02034216
0.1153462
-0.08626122
-0.01294148
-0.1105254
-0.002546607
-0.00431961
0.09800038
0.00818844
0.1039277
-0.02460025
-0.03712149
0.06434885
0.05691272
-0.03798852
-0.04062646
-0.01859375
-0.01070041
0.01492829
0.02658265
0.214028
0.05735919
-0.1037802
-0.01892285
0.06032312
-0.05119478
-0.01934731
0.01386356
0.2024882
0.1350698
-0.05449149
-0.06873783
0.1757488
-0.0412519
0.04014968
-0.06359102
0.06361897
-0.07595111
0.03631622
0.01366937
0.1212908
0.001767928
-0.03197553
0.003761796
0.0345158
-0.04787985
0.1069232
0.03360389
0.0434446
-0.05919578
-0.03985436
-0.01915625
0.08239382
-0.122448
0.004145885
-0.01867368
0.04713643
0.009991622
0.003234474
0.04259136
0.01318083
-0.09370078
-0.107375
0.2667475
0.1081566
-0.09207173
-0.0330596
-0.004383915
-0.1290591
-0.02026848
-0.03990551
-0.04864367
-0.04826033
-0.005547273
0.02960272
0.090675
0.02145451
-0.05198922
0.06449968
-0.1377919
-0.02440693
0.03026378
0.03065885
0.101765
0.1031038
-0.002052013
-0.07394107
0.008485492
0.1262655
0.04366984
-0.0445672
0.09396286
-0.04101776
0.01312043
-0.01319867
-0.00202358
-0.1557482
0.07502614
0.01508296
0.02103756
-0.02422904
-0.06226324
0.03922827
0.01483925
-0.07998079
-0.2465587
0.1800704
0.0378026
0.06628837
0.1418009
0.0170224
-0.006771493
-0.01673909
0.002370997
-0.09233439
-0.01866579
0.01766969
-0.08560343
-0.01112277
0.4786942
0.007566107
-0.02776002
0.06703013
0.05316938
-0.1255849
0.01194947
-0.01940666
0.02663747
-0.3085141
0.01831076
-0.008408738
0.00601571
0.07061262
0.0231901
-0.02137839
-0.2552935
-0.2171542
-0.02997097
-0.2592744
0.1004342
0.01072314
0.001576089
0.0102666
0.01054725
-0.005151184
-0.06597981
0.08750653
0.4338354
-0.1668419
0.03340102
0.006432952
0.05976177
-0.1992992
-0.02931567
0.004706658
-0.04509996
0.08145837
-0.1004573
-0.03772336
-0.1009701
-0.1063491
-0.1014193
-0.02142586
-0.03934046
0.261026
0.5376016
-0.04094771
-0.02440543
0.04123585
-0.1316289
0.08776807
0.0444812
0.08727185
-0.05262987
-0.04788951
0.08858102
-0.01369822
0.08150677
0.073567
-0.08731484
-0.06785051
0.1067357
0.02362135
-0.01160103
0.04351082
0.06217569
0.02299501
-0.05980393
0.1138656
0.04673903
-0.07777696
0.01068209
0.06795992
-0.03582484
-0.03491971
-0.02111029
-0.01890674
-0.008648398
-0.1099985
0.00416813
0.002472868
0.0170878
-0.07270768
-0.0367556
-0.08482833
-0.0454678
0.001005152
-0.07849712
-0.0279319
-0.09922132
0.01898356
-0.04459957
-0.03808683
0.2331938
0.08144765
-0.05519009
-0.01197167
-0.1905175
-0.08547188
0.001661536
-0.07103532
0.1134
0.01537097
0.01362362
0.06426689
-0.1122417
-0.006486845
-0.02821488
-0.1925114
-0.02574314
0.07414078
0.1835277
0.2625272
0.09949518
-0.02380331
0.01567592
-0.2264675
-0.05008662
-0.03844675
0.07315183
0.1123217
0.1523579
0.06924276
-0.02374373
-0.09158981
-0.06854247
0.02689543
-0.07398072
-0.01832111
0.1017225
0.0377608
-0.0901814
0.1598633
-0.0482446
-0.2110205
0.01933371
-0.03187629
-0.1788327
-0.1147459
-0.1833616
0.1276992
-0.2802604
0.03067604
0.1364619
-0.01774647
-0.2532241
0.009730715
-0.2030529
-0.02299479
0.07374913
-0.003967631
-0.04018112
-0.01714546
-0.1739208
0.1814298
-0.220347
-0.2156337
0.09398502
0.04125377
-0.1349233
0.1030437
-0.1791331
0.2309135
0.1865706
0.06021731
0.111453
-0.2188894
-0.06667734
0.06175644
-0.3603981
-0.09508394
0.1575103
0.05145998
0.06222458
0.1561489
0.1732919
-0.002783062
-0.1713262
-0.1523899
-0.06171338
-0.05350826
0.08408624
-0.1469222
0.1922907
-0.2824903
-0.2330293
0.1914397
0.008220203
-0.04175792
-0.1011738
-0.05635576
-0.01030823
-0.01402497
0.2150865
-0.0653331
-0.1637933
-0.03685928
-0.1561203
-0.03627937
-0.1394719
-0.09951364
-0.002595778
0.03864434
-0.09040949
-0.07311914
-0.3996488
0.007746837
-0.06412129
0.01527731
0.03531536
0.124628
-0.0004943507
0.1491146
0.05360139
-0.1846736
-0.1442268
-0.1061936
0.2123202
0.02650396
0.06945316
-0.0151831
-0.06644622
0.09891678
-0.1044081
0.05611178
0.1728549
-0.09112567
0.2232467
-0.06059852
0.05500934
0.03147232
-0.02147351
0.201533
0.208445
-0.1272386
0.01623613
0.1318191
0.0216053
0.01675836
0.156437
-0.2812276
-0.005567422
0.1004684
0.1406971
-0.1115746
-0.04929005
0.06523362
0.2238222
0.03300924
0.0685455
-0.1872675
0.1714529
-0.0221173
-0.1030264
0.07672491
0.07067092
-0.01102168
-0.1395626
-0.02693075
-0.006102049
-0.1391561
0.0255389
0.06953716
0.01182478
-0.08807943
0.1351867
0.1117536
-0.007158156
-0.04678754
0.2088621
0.1090419
-0.07922252
0.07687341
-0.1391686
-0.06769867
0.107275
-0.03364789
0.04436773
0.1350632
-0.02187908
0.083378
0.09514244
-0.194292
0.07628269
-0.06241966
0.09581272
-0.1853128
0.25377
0.1110678
0.1200783
-0.1473267
-0.09380539
0.2453481
-0.04113856
-0.04311478
0.2132123
0.0735134
0.08131815
0.09848947
0.1419208
-0.03364962
-0.1915304
-0.006849932
0.1495058
-0.09941775
0.2294254
-0.07493395
-0.17919
0.008202907
-0.0584198
0.1473528
-0.100113
0.005457811
-0.03329732
0.1806817
0.01373907
0.009115696
0.1333353
-0.004380615
-0.09944073
-0.07612939
-0.04197183
0.03968076
0.1550556
-0.1473276
0.1665562
0.1064748
-0.06815368
0.0566786
-0.06612504
-0.09360085
0.08919567
0.1908113
0.06493396
-0.05594085
-0.2473776
0.02571125
0.07495779
-0.05944631
0.05528669
0.1431912
0.1600281
0.1160806
0.3512971
0.1092169
0.1326991
-0.05825777
-0.08248162
-0.008703957
-0.09145056
0.02123069
0.07832126
-0.2597427
-0.1485253
0.144931
-0.05954134
-0.133146
-0.3685823
0.02565575
0.1807735
0.1405498
0.07295446
-0.0128979
-0.02174654
-0.07852182
-0.3211161
-0.03316347
0.1663703
-0.0633791
-0.2155567
0.07786486
0.08087397
-0.05828236
0.03966502
0.01317002
0.1063109
0.03928986
0.01255908
-0.01209294
0.0890612
-0.1002646
0.01461714
0.06738998
0.04027498
0.02969765
0.1338069
0.1212887
-0.04006548
0.01539715
0.06864061
-0.3115627
-0.08994559
-0.00105194
0.0316236
-0.1381131
-0.007496151
-0.1966419
0.02272284
0.2039953
0.1932701
0.06759282
0.06088387
-0.1276773
0.09330466
-0.1681913
-0.01172028
0.05079209
0.09988517
-0.1634647
-0.03705296
0.01653775
-0.08252358
0.0634176
-0.1015518
-0.2330375
0.1077736
-0.06329592
0.181521
-0.07544888
0.1516373
-0.1586314
-0.2004443
-0.2692981
0.1024723
-0.262116
-0.03233521
0.04983158
0.106827
-0.1312877
0.1066962
0.0306841
-0.04190382
-0.0523442
-0.007518735
-0.01339037
-0.07925448
0.04634863
-0.008504451
-0.183139
-0.134649
-0.1489853
0.08758999
0.07970544
-0.07254361
0.1129695
0.09963308
-0.06967835
-0.04292561
-0.005014928
-0.02502158
0.09483307
-0.2168479
0.0155554
-0.08782813
-0.09997079
0.02683299
0.002859088
-0.01077495
0.06035117
0.04054664
0.2717696
-0.1542927
-0.1598825
-0.07914702
-0.02981137
-0.1885291
0.156774
-0.1386673
-0.02337143
-0.01449016
0.3184276
0.1459838
0.2802858
0.03686482
-0.01215945
-0.05549764
0.1564274
-0.3167531
0.03918219
0.1635333
0.2555612
-0.1108528
0.09281112
-0.05137992
-0.01060031
-0.03612267
-0.1080102
0.1261768
-0.05948144
-0.1327909
0.1279123
-0.2039326
0.1329462
0.127451
-0.1315295
0.09956674
0.1232911
-0.07205757
0.0942191
-0.2871217
0.04179297
-0.122981
-0.3944657
0.0551355
0.09075011
-0.2854529
0.1082602
-0.09051841
-0.1758691
-0.1356881
-0.1774729
0.3150589
-0.1422294
0.1517129
-0.03735662
-0.07378086
0.2860419
-0.2585725
-0.3871697
-0.1461383
-0.3136534
-0.6128716
0.2226803
0.8846515
-0.02650685
-0.03172096
1.175648
-0.4461682
0.6998803
-0.8066126
0.6810707
-0.2107044
0.5525942
0.5724382
-1.16966
-0.1856746
0.5506561
0.3758381
-0.06295354
-0.1920574
0.1256778
-0.1311244
0.888004
0.7850119
-1.450971
1.32834
-0.4086947
0.2922788
-0.4040729
-0.2667058
0.4464445
-0.1925039
-0.5120848
-0.3299798
0.2760055
-0.7404454
0.2280305
-0.5809169
0.5885858
-1.154381
0.06902784
-0.452419
0.03154157
0.4460093
0.1767705
0.3244155
-0.3150999
1.372764
-0.4990783
0.4605731
-0.6827073
-0.25379
-0.7602775
1.327884
-0.2140818
-0.9540871
-0.7272873
-0.5181804
-0.9229034
0.3093997
0.5316184
-0.5022714
0.3029757
0.7111024
-0.6799246
-1.145516
0.1988447
-0.5870634
1.081705
-0.008931431
-1.672993
-1.492897
1.373769
0.03498119
0.3327671
-0.4502357
-0.1351987
0.8083836
-0.4919607
0.2628784
0.08708254
-0.1061298
-0.3312814
-1.189692
-0.1779087
-0.4612955
1.211282
0.2895964
-1.155878
0.9312154
-0.2295405
0.1367107
0.260804
0.7045276
-0.421757
0.8530593
-0.07161216
1.020965
-0.06717721
0.5457591
-1.739959
0.02038575
-0.2304556
-0.2411137
0.6651403
0.3773093
0.2921042
-0.2000372
-0.3434962
-0.5364461
-0.04473888
-0.1414221
-1.937231
-0.4605273
1.049591
0.3997974
-0.1394371
0.04180584
1.112154
-0.6109352
0.3931201
-0.1442527
0.1377787
-0.5685952
-0.1606988
-0.3275492
-0.4805242
0.3264068
0.01788033
0.2582106
0.769528
0.01223861
0.6033617
-0.3808222
-0.6209069
-0.6481863
0.6591058
-0.4809145
0.07298896
1.160862
-0.1380858
0.7609085
0.404358
-0.171065
-0.4226214
1.298426
-1.199578
-1.144509
0.1603617
1.270572
-0.004890972
1.278785
0.8690044
0.5767605
0.9274234
0.1002034
-1.006254
0.682989
0.2875772
-0.4065406
-0.3743092
-0.01797633
-0.7098022
-0.2811617
-0.2138801
0.4927512
-0.6277263
1.627423
1.241661
-0.8074769
0.3036778
0.4664545
0.8711329
0.3062215
0.5119728
0.3542226
0.05910225
0.8438624
1.483676
0.2108441
0.9229257
-0.1720813
0.2396572
-0.4939451
-1.793317
-1.147188
0.2504604
0.3022183
-0.8403906
-0.7065949
-0.7822134
1.316165
-0.5484329
-0.8720935
1.154137
-0.2323025
-0.4222525
-0.199231
0.2042558
0.3388693
-0.209156
-0.2730894
-0.5821872
-0.1701621
0.007835964
0.8467975
0.8914499
-0.7241411
-0.02804624
-0.625287
-0.4965531
-0.9156197
0.4977961
-0.7647337
-0.3018228
-1.462564
-0.2851383
-0.7738979
0.03955841
0.7595437
-0.5227967
-1.432896
-0.09988789
0.6173487
-0.6952929
0.09807779
-0.7959081
0.1732189
1.589666
-0.2569382
0.8297294
0.1368021
0.4915763
-1.28112
-1.001813
-0.4420853
0.5304698
0.0397925
0.3065363
-0.3862376
0.3846686
0.0752676
-0.4801817
0.3864585
0.2473295
0.4907526
0.2150618
0.7081592
0.08027124
-1.077782
1.668616
-0.1698608
0.2156381
-0.04037005
0.1165085
0.7435364
0.03574852
0.6783724
-0.2873844
0.5622636
-0.3474727
0.7550699
-0.1426084
-0.3453481
0.813655
-0.9088069
0.4320432
-0.3548228
0.2810315
-0.3158729
-1.155697
-0.05858126
-0.566268
0.08869137
0.2041479
-0.176611
0.2025954
-0.4124691
0.4497799
-0.7625318
-0.9576893
-0.4402792
1.463795
0.3977288
-0.2892501
0.5096452
-0.08311909
-1.108828
0.1060089
0.7272002
0.3482541
-0.3372249
0.752663
0.2158186
0.5671938
-0.490737
0.5607156
-0.7821791
1.0538
-0.06339569
-0.0538904
0.1524937
0.3992827
-0.7421575
0.7312497
0.8348938
0.6738719
-0.3624332
0.6326659
-0.7353274
0.5465632
0.697668
-0.7225638
1.153633
-0.9591059
0.9908985
0.7445827
0.1792766
-0.457086
-0.4041023
0.5079696
-0.3708966
-0.5524303
0.4981672
-0.8198212
0.6819597
0.7264347
2.16118
-0.09931984
0.3043911
-0.2719659
0.343624
0.6250734
0.3544429
-1.090105
-0.3228877
-0.8198176
-0.4144053
0.8906358
-0.5870433
-0.689155
-0.3538318
0.1237326
0.2908517
-0.1003912
-1.524945
-0.3343779
-0.3381799
-0.2030144
0.05074634
-0.03560056
-0.09504814
-0.1815779
-0.1887789
-0.7063602
0.4716716
0.3307682
-0.05828589
0.2506801
0.00901475
-0.08874148
-1.489041
0.9068521
1.959032
-0.6122581
-0.4780766
-0.2581548
0.7380409
-1.510272
1.123446
0.1912961
0.2231584
-0.6314079
0.01746248
0.5879788
-0.1034485
0.562246
-0.2013171
0.3272166
-0.08386119
-1.937612
0.1223821
0.3605887
-0.2653309
0.02047662
0.02256716
-1.417653
-0.1513458
-0.8012676
-0.4642225
0.05319402
-1.511327
-0.9877518
1.021318
0.1358256
0.7722332
0.0718686
-1.203563
0.9813685
-0.5310558
0.5229027
-0.4759823
-1.414425
0.2702144
0.4126874
-0.3058631
-1.286439
0.6143507
-0.06252268
0.7487911
-0.002059205
-0.9959022
-0.4926909
1.414621
0.666413
0.04588536
-1.130389
-0.2956281
0.4832252
-0.1296848
0.1211267
-0.9029675
0.572953
0.02397227
0.8148569
-0.4417664
0.2714878
-0.05956632
0.5730999
-0.6527923
1.481001
-1.16986
0.04792754
1.604243
0.9494274
-0.6290362
-1.130308
-1.165187
1.337186
-1.382179
-0.2744851
1.045434
0.3729963
-0.3560116
-0.2951584
-0.6778054
0.8642379
-1.510839
0.6483636
-1.041893
0.4451157
0.81109
-0.4041317
0.3515789
-0.08480375
0.5476359
0.08238729
1.317374
-0.8587118
0.4961627
-0.7593806
-2.703152
-0.4566992
0.6597857
0.1183285
0.1919245
-1.712233
0.3662357
0.933364
-0.9271818
-0.3040431
0.5840324
0.05620435
-1.493117
0.69666
0.2879184
-0.6350592
-0.4092236
-0.944176
0.463083
-1.61167
1.177191
0.1137156
-0.2411298
-0.8314877
-0.09507212
0.663739
-0.2670949
-0.1002519
1.369902
-0.6353269
-1.71843
-0.320166
0.8169396
-0.7384925
0.1262271
-0.5267877
-0.4341287
0.3210231
0.2185921
1.492186
0.4069353
-0.2888329
0.7976786
-0.2609368
0.2477635
-0.1433967
-0.8259527
0.3912303
-0.8769187
-0.9701031
-0.368319
-0.2475593
0.3926431
0.3431797
-0.3416708
-0.7095305
0.3174222
1.51204
0.1690175
0.1719776
-1.138899
1.726458
-0.607842
-0.2270116
-0.2819707
-0.4160548
0.8285602
-1.250741
-0.191024
0.02716638
-0.6780958
0.3930678
-0.3371487
0.1985698
-1.01669
-0.1640147
-0.02743017
0.1462945
-1.3184
-0.1854574
-0.04096201
-0.520326
-0.1903879
-0.5299144
-0.708671
-0.4263501
0.2052422
0.434981
0.715263
-0.8960034
0.1440684
-0.6828193
-0.1091933
-0.2780201
-0.2691553
-0.7489825
-1.697132
-0.4869219
1.448287
-0.04810023
0.4570176
-0.405225
0.846161
-0.1916665
-0.4164724
0.1172396
0.3706969
-1.044202
-0.01682827
-0.4578903
0.5212691
0.2729537
0.2429427
0.5984995
1.048051
-0.3193942
-0.1531796
-0.100574
0.05488276
0.7384411
-0.7856801
-1.546134
-0.5994933
0.2122251
-0.7483482
-0.1427651
-0.6031004
0.03226937
-0.5927145
1.346195
0.5547632
1.046891
-0.3719855
0.635692
0.2164455
0.4731986
-0.4245235
-0.06883005
0.107059
-0.6624919
0.3983505
-1.228201
-0.6192746
-0.2462653
-0.9462187
0.9980049
-0.4050807
-0.5806779
1.457905
1.352604
-1.893767
0.2805399
0.9353582
-0.7404883
-0.8336932
-0.9270085
-0.2200226
-1.199746
-0.2400345
0.9605352
-0.5534533
0.4466331
-0.4649621
0.6709267
-1.044058
0.02168491
-0.7517154
0.7337738
-0.3409089
-0.3301237
0.3614739
0.3419123
-0.496397
-0.6518284
-0.05056908
0.6582185
-0.8749444
-0.600141
-0.2916036
-0.7980914
-0.8657528
-0.2316433
0.4933022
0.7665462
-0.072518
0.01992153
-0.6482296
0.2502357
0.3060486
-0.01890281
-0.344178
0.261991
-1.374153
-0.7258789
-0.4763187
-0.8527478
0.8123602
-0.5652552
0.07646311
0.1167413
-0.4649925
0.05704067
-0.1625877
-0.2502907
0.03642667
-0.6167815
0.2674272
-1.194954
0.4214134
0.2548591
0.7653369
0.07706736
-0.06073682
-1.017578
-0.4446068
0.06048428
0.03148203
-0.2018003
-0.003031356
0.4213772
-0.1125361
-0.9800555
-0.9545079
-1.301306
0.8761868
0.9434932
0.2772027
-0.3512179
-0.08692864
0.6044707
0.9907554
0.05746252
-1.732648
0.4714177
-0.7828939
-0.754044
0.4883848
0.1795412
-0.8770567
0.3804847
-0.04491867
-0.3500572
0.8227146
0.4236702
0.9496267
-0.2145974
-1.042389
-0.8104142
0.7429326
0.3527556
1.447124
-0.3134304
-0.4071889
0.6328931
0.09685699
-0.1463388
-0.07267182
0.7553678
0.3759081
0.9313148
-0.5609901
0.1717597
-1.053928
-0.4734346
1.020411
-0.03560386
0.5844607
0.4049312
1.195795
0.1774182
-0.4516929
-0.3957595
-0.9915712
-0.9312506
0.8674498
-0.9626681
0.1775132
-1.022529
1.203051
-0.8763173
-0.4725989
-1.461926
-0.765197
0.2977576
0.3607831
-0.2467501
-0.7054194
-0.5731302
-0.6752586
-0.01189981
-0.6129813
0.07177664
-0.2277157
-0.175138
-0.3353718
0.4889582
-1.163749
-0.6856142
1.137045
-0.1945049
-0.6881275
0.03125727
0.04524719
-0.4855562
-0.529636
-0.9920193
0.3924106
0.3975242
0.1182047
-0.2921755
-0.3613932
-0.103645
-0.6849179
-0.1726985
0.4394046
-0.1505331
-0.54668
-0.01587684
-0.4613026
0.8125998
0.2858695
0.08717346
0.5394353
0.3010163
0.9982233
-0.7983354
0.0956779
0.01462552
0.08937391
-0.02238366
0.003694489
0.03768095
-0.1622382
0.04205453
0.122947
0.1569304
0.08454015
-0.1342167
0.06036649
0.07783473
-0.04840873
0.02427039
0.1660909
0.01893234
-0.005087314
-0.05334502
-0.1264533
-0.04605269
0.05643699
0.01444362
0.1386862
0.2226591
0.4048298
0.06457404
-0.2087252
0.1340497
0.002235637
0.1561439
0.09942651
0.2410891
0.1342161
-0.2087546
-0.02603733
0.01954503
0.3268336
-0.0256275
-0.1637925
0.02984289
-0.1179731
-0.06521425
0.1509098
0.09164053
0.04970241
-0.03225639
0.06322463
-0.05582192
-0.09417456
0.1433169
0.01248652
0.2460674
-0.05161603
-0.2797172
-0.1388207
0.02182522
-0.08312863
-0.05731114
-0.2152579
0.2555181
-0.1671298
0.01910952
0.1741924
0.004911803
0.07785844
0.1062942
0.07134934
0.1768211
0.2041083
-0.006922254
-0.1193094
0.100401
-0.3275376
0.07676415
-0.206181
0.06852441
0.04392185
0.03427792
-0.09901603
-0.124303
-0.03781831
0.1731404
-0.006334618
-0.099004
0.1146634
-0.1436122
-0.1184024
0.0617482
-0.3143825
-0.009036642
-0.0137374
-0.02391808
-0.1090631
-0.02572085
0.0572431
-0.1355112
-0.254017
-0.1108989
-0.05588005
0.2680576
0.1111377
0.005460779
-0.2398171
-0.05151884
-0.06128004
0.2851399
-0.2497104
0.2008717
-0.02671288
-0.09305652
-0.009833739
-0.2221524
0.06749978
-0.2332737
0.1176387
-0.007858429
-0.02132444
0.0973529
-0.02961671
-0.1507296
0.2361823
0.1042578
0.02663473
0.05636105
-0.06278671
0.05908613
-0.2603096
-0.02674776
-0.1149474
-0.0926146
0.1284755
0.02286465
0.09912354
-0.3824338
-0.1546027
0.05504725
0.06453814
0.108651
0.3291544
0.1707497
0.03531945
0.1051006
-0.1263031
-0.2108534
-0.1348579
0.03074794
0.05086743
0.004556536
-0.07801281
0.06963032
0.115986
-0.1040756
-0.1614586
-0.02398005
-0.1212582
0.1995878
-0.09916098
-0.2796766
-0.2268381
-0.1256206
-0.1563625
-0.08244923
0.1032898
-0.07753342
0.1205166
-0.1464396
0.1260227
0.09893269
-0.06258038
-0.001050015
0.172205
0.01633312
0.07665723
0.220734
-0.07302582
0.2011894
0.009018622
-0.2113438
0.02801054
-0.07872444
-0.07658593
-0.1410288
0.1039769
-0.3654804
0.01529318
-0.157208
-0.2018812
0.0275061
-0.2255317
0.03790422
-0.0296778
0.1104023
-0.05485807
-0.01054923
0.008965622
0.01400399
-0.08552965
-0.1597227
-0.1065488
-0.06077603
0.007187719
-0.07993641
0.08264378
0.06156335
0.1409061
-0.05647716
0.01220297
-0.1638416
0.08152755
-0.02647391
-0.1177865
0.06620837
-0.03870599
-0.08443116
-0.05967773
-0.1342997
-0.007851357
0.1264608
-0.1025153
-0.2284197
-0.2013475
-0.160457
-0.1279219
0.1526376
-0.1886556
0.1712194
-0.1326619
-0.09082047
-0.01198539
-0.1161781
0.003009029
-0.1028868
0.1456181
0.1247002
0.04841888
0.1163009
-0.1181633
-0.04803925
0.001276777
0.05899129
0.01650404
0.0954544
-0.1621145
0.1456088
-0.05963317
-0.003673657
0.0681188
-0.1078817
-0.08403686
0.2232532
-0.09612348
-0.04671679
-0.2848729
-0.06021636
-0.08231768
-0.1137738
-0.06536679
0.3178048
-0.06306067
-0.1565278
-0.1655981
0.1088868
-0.06967388
-0.01742276
-0.08056597
-0.06896739
-0.1126802
0.07555594
-0.005410289
-0.1128965
-0.1552845
-0.02802266
0.0540005
0.1778624
-0.1089879
-0.1661143
-0.1169821
0.004655696
-0.1012688
0.1811529
-0.02798126
0.01700554
0.1344783
0.1263307
0.0523512
-0.1543115
-0.1510056
0.2482632
0.06626783
-0.06700873
0.0963488
0.007582593
0.03187279
0.1286521
0.08277124
0.04958162
-0.2500673
-0.06484114
0.1196747
0.0998386
0.1869007
-0.04294933
-0.002036975
0.0186907
-0.07359377
0.05829927
0.1469071
0.0887932
-0.04814368
0.1403151
0.02475733
-0.02624109
-0.08058476
-0.07174557
0.1836467
0.082791
0.04859294
-0.07034163
0.1933257
-0.01567284
-0.06218673
-0.009886254
0.04117255
-0.04727668
0.02099482
0.006116248
0.08145946
-0.06256215
0.009192477
0.02612999
-0.0544212
-0.1016014
0.08822051
-0.005812798
-0.2148961
-0.0413026
0.01012981
0.07368604
-0.06213118
0.1260489
-0.01131312
0.07435323
-0.3159755
0.06351941
0.0624245
-0.01070476
0.2701474
0.005722452
0.1414786
0.08766419
0.03348939
-0.01597973
0.1434544
-0.1676065
0.110656
0.1375737
-0.1005499
-0.000672459
0.1511413
0.0269995
-0.0626948
-0.01674782
0.07070395
-0.06535655
-0.1065004
-0.0111286
0.04190464
-0.1486907
-0.02234183
0.06588252
-0.147556
0.07276479
0.008603251
0.005384504
-0.009685232
-0.1020154
-0.118797
0.009559792
0.001185133
0.07454994
0.08289505
0.01088759
0.02498995
0.1057303
-0.0322708
0.04524791
-0.08211127
0.1420616
-0.04767739
-0.3069623
0.1521041
0.1641781
0.0669965
0.158777
0.1323498
0.1705029
-0.1379531
-0.157839
0.1346613
-0.08867665
0.1844348
-0.08104213
-0.3093028
0.07075166
-0.0902674
0.09926379
0.05876635
0.1005544
-0.02990025
0.1207852
-0.1228007
-0.03201187
0.1500122
-0.1019876
-0.01989224
-0.06125619
0.1311704
0.08208732
0.02067496
-0.00785677
0.09512027
0.03897309
0.06144267
0.08552019
0.01977833
0.09704813
-0.2301879
0.1280593
-0.1019961
0.1118632
-0.05777728
0.04005646
0.2117288
0.2020338
-0.01457096
0.1523026
-0.002812907
-0.1323689
0.1371585
-0.1512189
-0.008678639
0.1533611
-0.2373299
0.07016493
-0.2187122
-0.02298326
-0.01348353
0.193141
0.1034088
-0.1470994
-0.06131246
0.09711199
0.07998682
-0.228188
-0.04308479
-0.04580081
-0.09690636
-0.06892714
0.1198402
0.1130276
0.2411573
-0.1544331
0.02982711
-0.1717239
-0.09443648
0.006242935
-0.0344492
0.1213429
0.1417173
-0.03869004
-0.03325476
-0.1476435
0.06968184
-0.06081041
-0.01743113
-0.2360632
-0.00583897
-0.05883252
0.1114181
0.03382643
0.07393909
-0.08543181
0.0104976
0.007021018
0.2656467
-0.01085723
0.06599984
-0.1173617
0.156701
0.270896
-0.2161864
0.1918776
0.2795723
0.1808117
-0.1419271
0.1274759
-0.03948316
0.01817114
-0.09356968
0.0550109
-0.2040341
0.2015732
-0.240709
-0.06631379
-0.1466071
-0.03867345
-0.09484587
-0.06113997
-0.1362595
-0.05687099
0.02899234
0.07333198
-0.02329133
-0.05927194
0.04247003
-0.01136468
0.0833386
-0.006664962
0.01178365
0.01053339
-0.1857478
-0.09369418
0.06519867
-0.1181183
-0.2088664
0.2606078
-0.02258865
0.1341946
-0.1659214
0.0928133
-0.1186165
-0.007907558
0.2029711
0.1801189
0.08623035
-0.1749436
-0.08701012
0.0409561
0.06990037
-0.2134159
-0.1024131
0.08265111
-0.04578421
-0.0331551
-0.1463212
0.1343172
0.07563697
-0.1326875
0.08874965
-0.0002382286
0.1825259
-0.2381762
-0.2293234
0.04301279
0.09946477
-0.2127863
-0.08377293
0.153624
0.1395063
-0.02418487
0.0172753
0.190687
0.08535964
-0.08025597
-0.1874352
-0.02690611
0.2017415
-0.1526961
-0.1212678
0.1457123
0.01359879
-0.0318429
0.1066437
0.06025407
-0.07119891
-0.02190267
0.163943
-0.07275455
-0.02521435
