-0.08984085
0.0933916
-0.01005569
0.1120807
0.09640113
0.04032298
0.05547589
0.04222932
0.03608183
0.0906859
0.09914544
0.09757646
0.1734155
0.03703502
-0.05185568
0.1229316
0.04283914
0.2859507
0.1931653
0.1444382
-0.3071594
-0.1367429
-0.1415131
-0.3849408
-0.1446406
-0.4314156
-0.261605
-0.3214343
-0.1905664
0.08108226
0.05871354
-0.2178637
0.006812326
0.2790694
0.2330286
-0.05843769
0.3254589
0.2294599
0.0432872
-0.05289223
0.1767531
-0.03408495
0.009719119
0.1103436
0.1467694
-0.3068359
0.02241772
-0.02850711
-0.4020925
-0.01727837
-0.1722875
-0.03677371
0.106786
-0.1172247
-0.3645051
-0.01567166
0.09413017
-0.03817026
-0.2428739
0.01539953
0.1304585
0.05873355
-0.2430494
-0.4083393
0.1210254
-0.1842888
-0.2924252
-0.9505187
0.000170973
0.05552576
0.07324845
-0.002859071
0.01826105
-0.007526327
0.03468738
0.04080213
-0.3250158
0.1553262
-0.1202329
-0.06049588
-0.09809438
0.02431963
0.019817
0.2003981
0.09433985
-0.2107507
0.02360756
-0.08583134
0.2486838
-0.3012295
0.07281558
-0.07620053
0.1282777
0.09968869
-0.09713016
-0.1754214
0.01532439
0.2007819
0.05615112
-0.2109737
0.03688564
-0.1575659
0.01373458
-0.02894189
-0.06331474
-0.04335983
-0.1169964
0.03827313
-0.02302878
-0.226887
0.2355786
-0.2116901
0.1245694
-0.2843368
0.1481908
0.1563623
-0.0504953
-0.2387052
0.02110359
-0.164436
-0.3165847
-0.07435411
0.1219168
0.06271099
0.2391755
-0.1623148
0.03167456
-0.2000743
-0.2849744
0.2466117
0.1624846
-0.1436249
-0.2533492
0.03341779
0.2338273
0.03907912
-0.8981483
0.4358274
0.1515786
0.230286
0.2518384
-0.3837086
0.1870181
0.04520474
0.07594574
0.1130432
0.09262329
-0.2308958
-0.01994009
0.2594513
-0.08302777
-0.2370684
0.08740348
0.1031539
-0.0270247
-0.1787046
-0.07521872
0.1850276
-0.05893518
-0.1619284
-0.02630613
0.02458498
0.08449445
0.0425425
-0.1300664
-0.1256962
0.09670851
0.04372209
0.01834862
0.004201561
0.1183544
0.04774569
-0.263917
-0.0001530908
-0.3605466
-0.1670775
-0.2908664
0.04764434
0.04361962
-0.009758625
-0.2415356
0.0258802
0.339576
-0.05508028
-0.05234623
-0.2918411
0.0614117
-0.2956878
-0.6315365
0.01914113
-0.5467862
-0.07662765
-0.5037448
0.1969442
-0.0001765576
0.2135616
-0.3878271
0.05089858
-0.2531883
0.2387457
0.2098254
-0.2457376
-0.3685719
-0.04795305
0.04614707
0.2658224
0.1331398
-0.1569798
-0.07908287
-0.06873999
-0.09112819
0.1019101
-0.2211138
0.1238011
0.01302359
0.1377532
-0.3388319
0.2662094
-0.2304505
0.3004839
-0.08063918
0.1116849
0.03414647
-0.1132271
0.05266361
0.00526141
-0.02286395
0.1787135
-0.2722133
-0.1149867
-0.06633239
0.07003751
0.02493372
-0.336096
0.02150579
-0.0894763
-0.1901386
-0.06173651
-0.08305947
0.206768
-0.2037245
-0.03829363
0.1893622
0.101808
-0.1410381
-0.03002661
0.04617412
0.178884
0.03957329
-0.2468402
-0.1904538
-0.2539457
-0.2684966
0.06245967
-0.270733
0.2869161
-0.2118887
0.004618582
-0.1049891
0.1950281
-0.2281102
-0.2001347
-0.1932197
-0.2966514
0.2486736
-0.1533891
-0.08277452
-0.805054
-0.1274885
0.02440566
-0.1691835
-0.03468322
0.05799944
0.1160971
-0.009384175
-0.06409078
-0.23009
0.003793116
-0.1458896
0.06624459
-0.1952199
-0.06216951
-0.004906853
-0.05918694
0.003032301
-0.04933221
0.1318655
-0.04978807
-0.06840768
0.2896857
-0.09328613
-0.196731
-0.160164
0.1100535
-0.2672538
-0.05111729
0.01077356
-0.2083475
-0.013573
-0.106839
-0.2260818
-0.2230124
0.1316395
-0.0100669
-0.1651221
-0.02043161
-0.1360261
-0.07524046
-0.06998159
0.03181526
0.01232049
-0.06066995
-0.04641679
-0.06591513
-0.08360261
-0.1191959
-0.3097613
0.0353319
-0.04499245
-0.05809774
-0.008861481
0.2344932
0.1100422
0.107736
-0.2568911
-0.2983853
0.003950934
0.0009536708
-0.311772
-0.2612072
-0.1125742
0.007641521
-0.06158275
0.04462229
-0.2692516
0.1059008
0.290018
-0.009369703
-0.01027274
-0.09774686
-0.0139013
-0.9244664
0.3284647
0.2366853
-0.5321667
0.06403926
-0.1615813
0.4457742
-0.2505879
0.1614165
-0.7891312
0.166267
0.3178487
0.07553689
-0.2281863
-0.5375007
-0.02886473
-0.3499856
0.163959
0.1189038
-0.09644049
-0.1116476
-0.1658525
0.2736731
-0.2057272
-0.03655708
-0.9564617
0.04332212
0.1719607
-0.8928632
-0.3146592
0.08221294
0.03975422
-0.8303981
0.0209083
0.0621862
-0.2990428
-0.1393503
0.14591
-0.02977797
-0.314622
-0.1305166
-0.5371279
0.05310741
0.128725
-0.7052721
-0.2487876
0.06310286
0.08129305
-0.3609061
-0.0532236
0.08033568
-0.6047548
-0.07883333
0.1878338
0.3241143
-0.02491204
-0.06179833
0.001601779
-0.2582379
-0.07976846
0.1074382
-0.1238288
-0.1776791
0.006358283
-0.05806749
0.06913593
-0.1173386
0.1827203
-0.1008137
0.05369451
0.003396136
-0.08272687
0.05442043
-0.1895601
-0.001501368
-0.1632128
0.09430328
-0.004171035
0.0220299
0.05575406
-0.2318834
0.03073428
0.05416372
0.1355353
-0.3926331
-0.01416898
0.1902893
0.06280606
-0.01322747
0.00145289
0.01479526
-0.1140386
0.2026572
0.0159284
-0.3075338
0.193758
-0.2985706
-0.1053942
-0.1873935
0.07679097
-0.3506014
-0.1047801
0.04159862
0.2120308
0.07051191
-0.3893576
0.2822323
-0.02870254
0.1251218
-0.2207292
-0.1290752
-0.0327065
-0.2463392
-0.1278195
-0.03651357
0.134529
-0.5013753
-0.0278011
-0.06202576
0.1553186
-0.2136463
0.001421457
0.07898986
-0.1020879
-0.3530235
0.01216687
0.04772189
-0.06413589
-0.2541191
0.0318858
0.03566321
-0.3163894
0.4116486
0.08134383
0.08056534
0.1216215
-0.2770631
-0.04998341
-0.1422528
-0.1343795
-0.02321357
-0.06789327
-0.126311
0.00911846
0.109887
0.01867163
-0.06302421
-0.1701677
0.3191696
0.0916371
0.07238776
0.06348453
-0.03745354
-0.07842418
-0.08317285
0.02246839
-0.06716149
-0.009545912
0.08092682
0.07354421
0.0301252
-0.1298043
-0.07171086
-0.02070079
0.1078523
0.1423782
-0.5535598
0.1598638
-0.1055106
0.08612499
-0.2041278
0.08114769
-0.05355277
-0.0213533
-0.08745654
0.05462044
0.06005362
0.03322922
-0.3686726
0.1706039
0.01535958
0.004974772
-0.8797253
-0.1187638
0.01778778
-0.1529169
-0.1921054
0.06643187
-0.4482844
-0.09527347
-0.1368536
0.1272267
-0.4234032
0.08943345
-0.07375696
-0.1404566
-0.02643786
0.09456941
0.001509906
-0.1764574
0.1528395
-0.2905752
-0.2893446
0.1908117
-0.5046472
0.1063611
0.003246732
0.02889678
-0.389511
0.1471357
0.08010633
-0.2471066
0.03140568
-0.01581681
0.1874409
0.03276787
-0.220607
-0.1977723
-0.248265
0.05695959
-0.2197295
0.08412557
-0.01967814
-0.2462679
-0.3968829
0.1908068
0.1001458
-0.5291287
0.09221156
0.113644
0.07087087
0.2001326
0.141341
-0.09322242
-0.2776182
-0.09023058
0.1628266
0.1624263
0.06391751
-0.3081394
-0.05159852
0.2328805
-0.03961604
-0.341712
0.2160104
0.1848095
-0.1375655
-0.09392497
0.006257918
-0.02127842
0.01120237
0.04512292
0.1225023
-0.02333164
0.02420206
0.02904686
-0.09323583
0.013191
0.03675018
0.181596
-0.05127944
-0.06271181
0.01178869
-0.08926272
-0.1085871
0.0404188
-0.1505114
0.1173057
0.02727327
0.04827062
0.1044143
-0.0408752
-0.2041268
0.237076
-0.1388128
0.122151
-0.07357766
-0.02290533
0.01654609
0.1689879
0.2460153
-0.07026166
-0.1086813
-0.0453583
-0.0222294
-0.09923325
0.01407254
0.05619491
0.09716738
-0.07494197
0.02182317
-0.03120513
0.04560848
0.03734993
0.07432464
-0.1729023
0.1943774
-0.04736979
0.05090639
-0.09340996
0.03620514
-0.03402265
0.04529963
0.05255852
-0.01208196
0.07373234
-0.1264935
-0.01072619
-0.03928115
-0.03133326
0.04319823
-0.009930916
-0.02900764
-0.0382149
0.2218654
-0.164178
-0.04425795
0.02548964
0.01748857
-0.1173293
0.05904946
0.09594345
0.03470978
-0.1047408
0.03307604
0.3048361
0.2270983
-0.03613969
0.01068824
0.4254179
-0.07701914
0.02868812
0.03553883
0.007910082
0.03531624
-0.06485825
0.1813555
0.172259
0.2358197
0.00628269
0.1292763
-0.09092793
0.1237148
0.004492105
0.003075656
-0.06558236
-0.1093683
0.04998566
-0.05064988
-0.0483233
0.004325593
0.03136076
-0.1270164
-0.04873133
0.09080938
-0.04248668
-0.04916244
-0.006335266
0.02068559
0.05683925
0.01731216
-0.0255201
-0.07733902
-0.1593502
0.02816605
0.01249113
0.002616362
-0.1027584
-0.02983605
-0.124515
-0.05834751
-0.07829095
0.01015106
0.01795158
-0.07798082
0.03738666
0.003757599
-0.005765873
0.01899363
0.01605742
-0.02906794
-0.1091854
0.04019449
-0.00843242
0.175035
0.2372931
-0.001545924
0.1201642
-0.08208407
0.02549379
0.04079363
0.07805084
0.1550075
0.02941394
0.2172054
-0.04389091
0.08533113
-0.008376864
-0.03233372
0.05930764
0.08341789
-0.02936006
0.1350107
0.09716218
0.008199831
-0.03387015
0.01518662
0.03270149
-0.03901284
0.002499421
0.02205957
0.03293375
0.0394884
-0.02982021
-0.04064722
0.05879986
-0.01072563
0.01571739
-0.2666199
-0.2833129
0.0190237
-0.06022388
-0.1828308
-0.1999971
0.03345261
-0.02399156
-0.01053942
0.09309477
0.01283312
0.04477871
-0.2354472
0.2512677
-0.01515688
0.03200521
-0.0389112
0.01311906
-0.121011
0.06212148
-0.09279895
-0.08390834
0.07939462
-0.03076279
0.04570776
1.092881
0.0472786
-0.002113878
-0.09434496
-0.03557583
-0.04506885
0.02405669
0.06763437
0.07919497
-0.1121612
0.0353201
-0.01114987
0.03663195
0.009368319
0.01283683
-0.1644907
0.1132217
0.03811853
0.04506248
0.02770562
0.003676584
0.02018773
0.03128945
0.1849132
-0.08717199
-0.02530937
0.04110276
-0.02328382
-0.01913887
-0.01813562
-0.07993856
-0.1704337
-0.03324765
0.001675277
0.04801906
0.01593856
0.1122074
0.08520892
0.06239734
0.02736128
0.09683545
0.0355852
-0.02857586
-0.06409824
0.1940757
-0.05796258
0.05646259
-0.06222299
0.07647278
0.008794233
-0.2540264
0.02990532
0.6443274
-0.02286789
0.08290219
0.03013663
0.1297157
0.006351411
0.03747652
-0.0228758
0.0610274
0.1405489
0.1526757
-0.01519734
-0.08730131
-0.08703304
0.9393384
0.06625722
0.01871021
0.6530893
0.02325315
-0.5074095
0.2314063
-0.01896198
0.03172107
-0.06015282
0.01613575
-0.01695072
-0.02260756
0.01796593
-0.0527193
-0.04233135
-0.5727217
-0.2866979
-0.02210534
-0.09185
-0.09832294
-0.03854951
0.05424943
0.1077563
0.001460569
-0.03667475
-0.06853905
-0.04329105
0.04365406
0.05142646
0.1362613
-0.007763441
-0.07357613
-0.08627938
-0.005728949
-0.06633568
0.1158435
-0.06479295
0.1476837
-0.08948159
0.07149453
0.04805894
-0.09153522
-0.163886
0.2609716
-0.1586567
0.222802
-0.04287473
0.04979198
0.07208926
-0.4968489
0.01192555
-0.03464962
-0.3324258
-0.2788355
-0.001430565
-0.02982338
-0.02748712
0.08145559
0.1564118
-0.06438603
0.09062937
0.107658
-0.01085937
0.01472567
-1.120481
0.04886965
-0.102394
0.2290795
0.02864876
0.03865626
-0.004504846
-0.5712517
0.0009490032
-0.1225075
-0.2102596
-0.009989621
-0.1053673
-0.1036938
-0.0999226
-0.01218509
0.03949039
0.06671252
-0.05646246
0.08661675
0.072849
-0.09728505
0.03007042
0.02530885
-0.03369745
0.104252
-0.09337486
0.0756238
0.02059207
0.1852817
-0.04438201
-0.09819512
0.08196329
-0.1656176
0.2634579
0.06481064
-0.05349081
-0.06854411
0.003381791
0.007486317
0.02925673
-0.03048988
0.1492381
-0.1336291
0.1275684
0.3162387
0.02884385
-0.05490119
-0.2337491
0.01706607
0.1078039
-0.466472
0.3300826
-0.1247099
-0.01899529
-0.1758915
-0.8683873
0.07370229
-0.1272356
-0.06103137
0.1147644
0.05196155
0.004529558
0.03679597
-0.07783811
-0.4703347
0.05005899
0.04310425
0.002091879
0.07144256
0.01208795
-0.01303971
-0.01259016
-0.004397741
-0.002041552
-0.003593162
0.08745317
-0.1520316
0.08513577
0.04931219
0.07804837
0.03593628
0.2453349
0.04279544
0.01655587
-0.3257909
-0.07565539
-0.044227
-0.01163275
-0.1619821
0.1465783
-0.1802394
0.01874418
-0.3472362
-0.05282443
0.006452501
0.02487169
0.03494093
-0.3723061
0.05240623
-0.002897751
-0.08399975
0.05097721
0.05529534
0.0771488
-0.03068884
-0.08078318
0.05508472
0.1566446
0.1004639
-0.01962667
0.02652937
0.08228697
-0.02676906
-0.1175742
0.05596125
0.02712288
0.1782536
0.07163564
-0.03137732
0.1508232
-0.06766969
-0.1071214
-0.07180107
0.06083179
0.056525
0.006785004
-0.004091085
0.06649246
-0.07202204
0.03490573
-0.04703587
-0.01873908
-0.008748346
0.007640173
0.006228503
0.07532808
0.2100336
-0.09315518
0.02562225
0.09284313
-0.04196845
0.01398124
-0.3301729
-0.01580491
-0.02763219
0.003750742
-0.5161445
-0.002508836
0.0008533443
0.05764152
-0.4197863
0.06224996
-0.02004371
-0.3603229
-0.6371391
-0.0328299
0.09336675
0.01881155
-0.0379664
0.08468717
-0.02797459
-0.3501613
-0.04166661
-0.07581177
0.1625744
0.004126829
-0.0748559
0.1356066
-0.006261922
0.08950274
0.01451937
0.2951152
0.1025558
0.04281981
-0.03763139
0.0638015
0.06946062
-0.0002883967
-0.02617901
0.1981171
0.4452628
0.1192598
0.03409776
0.2471898
0.4166423
0.03592552
0.1311281
-0.03518691
0.02393762
0.02357071
-0.04636351
0.03804973
0.3579913
0.02124224
0.07776964
0.04886014
-0.05738625
-0.009818344
0.0200085
0.04477812
0.1071404
-0.05453219
-0.1664674
-0.01755976
-0.0601616
-0.03180324
-0.01825939
-0.01586048
0.00395742
-0.1260863
-0.04018942
-0.1756858
0.06324696
-0.00431961
0.1257443
0.01790937
0.09287187
-0.123784
-0.0493884
-0.08246586
0.08224742
-0.03435469
0.08409371
0.009487378
-0.005110683
0.05150324
0.01180564
0.1881973
-0.05978483
-0.1053808
0.09049606
-0.03881789
-0.07280444
-0.05764739
0.1018711
0.6482701
0.3827216
-0.05449149
-0.09005071
0.2629022
0.06840289
0.04221286
-0.06361433
0.0717997
-0.07794869
0.03631622
0.01177404
0.1947332
-0.2828531
-0.03008845
-0.01820543
0.04443052
-0.08831194
0.1078452
0.09966778
0.04689355
-0.07308795
-0.08080924
0.04672701
0.08888635
-0.1495109
0.004145885
0.05794583
0.01966979
0.03135698
0.03641088
0.02506525
0.1135269
-0.02602053
-0.107375
0.1220555
0.04437567
-0.04748918
-0.05505621
0.008873576
-0.05205708
0.09828792
-0.03990551
-0.09477177
0.06098953
-0.04870168
0.004476311
0.1280528
0.1015826
-0.08468997
0.06126232
-0.1608747
-0.03837551
0.02437694
-0.06159931
0.357479
0.2574511
0.1185896
-0.07394107
-0.004494691
0.1210574
0.01024507
-0.0166936
0.06114465
-0.0001922118
-0.08988322
-0.01391336
0.008098731
-0.3413879
0.3602652
0.1557764
-0.02209393
0.003188675
-0.1086223
0.04075027
0.1287036
-0.1131534
-0.4688208
0.142642
0.09893776
0.09927669
0.219474
0.0170224
-0.03459619
0.00153575
-0.06112843
-0.1180678
-0.01743727
-0.01210806
-0.001373213
-0.01112277
0.8816475
0.02609948
0.009207656
-0.01681081
0.04425538
-0.09824467
-0.1060766
-0.01936512
0.02480255
-0.5102478
0.01888319
0.05860443
-0.00453147
0.08150537
-0.01076687
-0.02068591
-0.2407589
-0.4320718
-0.03118242
-0.2279505
0.1683321
0.05149078
0.04228189
0.0102666
-0.005851406
0.04282376
-0.03418268
0.1150991
0.8343626
-0.181068
0.05723819
0.006796978
0.07051272
-0.3587156
0.03867674
0.02263815
-0.089605
0.1738023
-0.06308436
-0.03772336
-0.1913986
-0.08804411
-0.1822542
0.2649094
-0.1334849
0.4867333
1.505361
-0.04094771
-0.08225143
0.01095324
-0.2661673
0.04636125
-0.02591256
0.1258589
0.1008669
-0.04788951
0.004188165
-0.006705236
0.09756373
0.08885846
-0.1728525
-0.0755142
0.02898936
0.02264298
-0.0571518
0.1024346
-0.02962938
0.02652315
-0.0958071
0.08986479
-0.02432938
-0.07803141
0.08528251
-0.06298548
0.05981496
-0.135092
-0.0719015
0.06743388
-0.08562817
-0.1099985
-0.01539404
-0.001427953
-0.08090759
-0.03895155
-0.008419122
-0.02645012
0.04861611
0.001005152
-0.1022836
0.09062994
-0.08768762
-0.003856333
-0.02595257
-0.08031131
0.3560625
0.08166198
-0.01951055
0.04915842
-0.2040817
-0.2116568
-0.03395625
-0.03953169
0.4594901
0.01537097
0.05968378
0.06272819
-0.02490263
0.02528249
0.04197926
-0.1949784
0.02924132
0.07414078
0.06291498
0.4633786
0.08514288
0.05143739
0.04499159
-0.3132764
0.1777079
-0.03608126
0.2001495
0.6841056
0.1746597
0.1117837
-0.1422566
-0.1646546
-0.006511252
0.02651528
0.02068395
-0.03203984
0.1196208
0.08832562
-0.07359305
0.5707423
0.04917194
-0.2693118
0.05718482
-0.1857357
-0.2632264
-0.2337358
-0.3335178
0.3996439
-0.5332423
0.3937018
0.2669264
-0.2509543
-0.3114697
0.1106652
-0.2121479
-0.01612659
0.1868811
0.009255382
-0.0866316
-0.05243628
-0.5506645
0.2200121
-0.2387483
-0.3859132
0.1183911
-0.05244742
-0.1858835
-0.02144716
-0.2462481
0.3154043
0.3081019
0.029396
-0.01706767
-0.3009785
-0.1040142
0.0249578
-0.6263981
0.01021608
0.25114
0.02947385
0.04196929
0.1999173
0.1516973
-0.2358763
-0.176771
-0.1462754
-0.1862679
-0.02271632
-0.04320853
-0.006343856
0.2973747
-0.2378548
-0.7148813
0.3266003
-0.03947456
-0.1033754
0.1107814
-0.03953207
-0.1191166
-0.0230393
0.2599999
-0.0107211
-0.2354193
0.03233059
-0.1282162
-0.04557394
-0.3625138
-0.3356374
-0.01609141
-0.006729349
0.02745019
-0.06560982
-0.5650349
-0.03488776
-0.001546714
-0.02579137
0.1380019
0.2150084
-0.05698584
0.1265509
0.09057768
-0.1644087
-0.1328729
-0.1780425
0.3421237
-0.1164249
0.1537033
-0.06189408
0.3643954
0.08801201
-0.1672641
-0.0162509
-0.02745166
0.1107219
0.3109136
0.0009002499
0.07055772
-0.137205
-0.06298063
0.3071101
0.2361394
-0.113269
-0.04917927
-0.1480321
-0.05565475
-0.01688774
0.3386993
-0.5549607
-0.03535865
0.2529821
0.246871
-0.1732164
-0.1284941
-0.07733871
0.3142345
0.02345028
0.08402301
-0.3584601
0.1281652
-0.08568124
-0.2207231
0.1659522
0.09061279
-0.02015537
-0.1811305
-0.1770598
0.01129967
-0.1786935
0.05079042
0.09890806
0.03748463
-0.08176246
0.1777481
0.1187896
-0.08298104
-0.06482655
0.3809592
0.3318052
-0.04466645
0.05009195
-0.1135613
-0.04107149
0.11616
0.1016532
-0.02935792
0.2241448
-0.02630802
0.1064595
0.09419198
-0.3689524
0.1399884
0.04709218
0.1396333
-0.3935663
0.552937
0.03467592
0.03356725
-0.2048851
-0.1741239
0.1129405
-0.2069163
-0.1656962
0.2932324
-0.01303796
0.2602926
0.1221798
0.3551357
-0.0408572
-0.06734735
-0.1199009
0.1608147
-0.1779012
0.1012304
-0.2150337
-0.05922716
-0.006594568
-0.05101504
0.2958726
-0.407351
-0.0339333
-0.08414021
0.05502184
0.07307659
-0.06472321
0.05663066
0.03188241
-0.3206843
0.01337994
-0.04772484
0.1566014
0.1929317
-0.1174552
0.1068169
0.09047002
-0.03118914
0.277519
-0.1053485
-0.1378982
0.06010699
0.1619946
0.03646816
0.06997795
-0.158274
0.06550825
0.1769626
0.02487852
0.1357483
0.3143547
0.3170723
0.06187753
0.3725531
0.2206538
0.3187686
0.02377388
-0.1423658
-0.1743651
-0.2918304
0.2227137
-0.07888501
-0.4108498
-0.2458647
0.451966
-0.04826862
-0.1097828
-0.4159288
0.008605551
0.2147897
0.6553757
0.2180983
0.01619134
-0.03791298
0.06634168
-0.3856936
-0.1172263
0.1949294
0.0193555
-0.3591872
0.2028138
0.1351654
-0.06867738
-0.02292444
-0.06842029
0.2649601
0.1788596
0.1732985
-0.06365746
-0.007045707
-0.1235408
0.008015724
0.1082736
-0.0620471
-0.002943667
0.1944857
0.01558395
-0.07646827
-0.1399066
0.01799001
-0.5908118
-0.07216717
-0.05945095
-0.07447784
-0.1632683
-0.005428882
-0.1490948
0.04450351
0.448864
0.1935436
0.1841234
0.200025
-0.1609869
0.09035252
-0.4154255
-0.0006227607
0.2542387
0.2657076
-0.1676253
0.1368416
-0.04653418
-0.2094847
0.169254
0.06643233
-0.1700974
0.02423676
0.07782032
0.4023902
-0.1241232
0.2001639
-0.2819597
-0.3026774
-0.4165386
0.09224132
-0.4691976
0.05695007
0.09521509
0.09958471
-0.2158738
0.04625322
-0.0594389
0.03310202
0.0580164
-0.04770403
-0.08607803
-0.1171564
0.06348873
-0.1844118
-0.2926911
-0.1380396
-0.09141346
-0.0241184
0.1931639
-0.1118748
0.1749642
0.07866505
-0.1562103
-0.174945
-0.07460943
-0.09247986
0.098503
-0.2007225
-0.07714225
0.05115592
-0.2851427
0.2149219
-0.06449894
-0.09633292
0.2268392
-0.03051329
0.1112116
-0.1998489
-0.3259244
-0.250753
-0.09633742
-0.2919996
0.1424534
-0.04993256
-0.02111104
0.2041062
0.303221
0.07739287
0.1631429
0.002862812
0.1501187
0.109939
0.1585534
-0.2667307
0.1279297
0.1884683
0.144301
-0.0251082
0.1861539
-0.1247494
-0.09095853
-0.07362851
-0.1804689
0.1381352
-0.03792822
-0.2145635
0.1552786
-0.3650745
0.411792
0.1406904
-0.2331586
0.1414804
0.4046704
-0.08963441
0.2089759
-0.3654603
0.08205896
-0.1852306
-0.4264435
0.1929343
0.03299445
-0.3687721
0.1115811
0.1894844
-0.3263365
-0.1480843
-0.2395478
0.4751568
-0.2799714
0.3461349
-0.04285914
-0.03500491
0.4519403
-0.4391017
-0.4151028
-0.3997982
-0.8376238
-0.9967225
0.04936718
0.5837439
-0.05329312
0.02518126
1.451036
-0.152592
1.01625
-0.816945
0.7899793
-0.148206
0.4746625
0.659179
-1.180698
-0.2972967
0.5213919
0.2525699
-0.1355097
-0.04740126
0.3188336
0.02437557
0.552204
0.6946751
-1.585596
1.640015
-0.6382233
0.3359411
-0.3359186
-0.3331163
0.2609048
-0.1036249
-0.4065516
-0.3396311
0.1737596
-0.840056
0.2810701
-0.7171469
0.4977726
-0.8581327
0.279227
-0.4515246
0.07230181
0.4015902
0.2044274
0.3934962
-0.1643964
2.027822
-0.9744175
0.3688675
-0.6414415
-0.3302644
-0.8581506
1.289115
-0.1320822
-0.9469853
-1.024021
-0.5346858
-1.075797
0.0667158
0.4489464
-0.4515392
0.06437998
0.7226364
-0.4253735
-1.333636
0.1435682
-0.7265303
1.087349
-0.08976641
-1.948913
-1.496142
2.120462
0.102557
0.1608474
-0.5671483
0.1388622
0.8227188
-0.4369337
-0.03271944
0.2933402
-0.23185
-0.4778635
-1.746049
0.06517889
-0.3206239
0.9282715
0.6709157
-1.209249
1.027662
-0.267861
0.3459919
0.3797216
0.6971059
-0.3323741
0.7091079
0.07052785
0.9256251
-0.4358954
0.7628779
-1.733952
0.3492205
-0.5466766
-0.3832827
0.5942622
0.2899708
0.3940791
-0.5849752
-0.1755631
-0.6034342
0.07368165
-0.554405
-3.816483
-0.556909
1.071469
0.500779
-0.04880783
0.2034194
0.9406013
-0.8100933
0.4259347
-0.06795542
0.0423262
-0.7005146
-0.3243956
-0.5630745
-0.4691678
0.1179417
-0.1068141
0.4560295
0.7213554
0.0210872
0.4994599
-0.1643547
-0.6805405
-0.7624713
0.5692042
-0.3792859
0.00794526
1.046315
-0.07229606
0.7544929
0.9821528
-0.1471841
-0.3752363
1.324211
-0.9564919
-0.9513486
0.2701249
0.8311797
0.1832058
2.253035
0.8441995
0.8683897
0.7437613
0.5062456
-1.044414
0.554749
0.322358
-0.4841644
-0.2698422
0.00957628
-0.6087067
-0.08437988
-0.4853581
0.2316247
-0.5338764
1.698924
1.460938
-0.895009
0.315479
0.553581
0.7944267
0.1115579
0.4605396
0.433424
0.006310266
1.213939
1.606136
0.2996807
0.935329
-0.02569856
0.1938882
-1.304448
-2.389372
-1.018773
0.0493629
0.2010935
-0.8626983
-1.388806
-0.8977616
1.379458
-0.524062
-0.8448134
1.096254
-0.3292263
-0.4860921
-0.2387179
0.2088335
0.2312375
-0.05572787
-0.1949484
-0.5074663
0.1315116
0.19579
0.8695918
0.7939353
-0.9366327
0.02387612
-0.7063848
-0.9162223
-0.9678682
0.3484457
-0.8765798
-0.1798926
-1.387782
-0.04015314
-0.9157909
0.02042427
0.8087774
-0.3101315
-2.031787
-0.3294763
0.5268292
-0.6033222
0.4394863
-0.4670202
0.2129248
1.23894
-0.1124024
0.8525266
0.04960975
0.4236715
-1.15882
-1.182991
-0.3754944
0.3480635
0.1310309
0.05880947
-0.5465284
0.2990646
-0.2307058
-0.4316945
0.4325459
0.1905911
0.3758864
0.2688117
0.5542154
-0.03527078
-1.261203
2.199237
-0.08873285
0.3354192
-0.1910016
0.1629204
0.7577019
0.2479285
0.4177142
-0.2085719
0.4509763
-0.425959
0.6996851
-0.0937102
-0.2733005
0.55272
-0.5670193
0.3024591
-0.4843499
0.3599564
-0.5366465
-0.9535092
-0.09892847
-0.4667512
0.04503387
0.1870049
-0.3216383
-0.008393292
-0.479995
0.4490767
-0.5193155
-1.107931
-0.2540473
1.648821
0.3065855
-0.3605115
0.434338
-0.03893549
-1.017195
0.1799856
0.6207197
0.3535461
-0.2623392
0.6683413
0.3273601
0.4320546
-0.2320336
0.5901923
-0.7040458
0.9988447
0.05771764
0.01128824
0.1965146
0.3668138
-0.6069877
0.6268561
0.9636519
0.8563905
-0.3528082
0.5818666
-1.138335
0.4909016
0.6308575
-0.7404097
1.704901
-0.8501755
1.044007
0.6375787
0.126078
-0.2920761
-0.3722559
0.3502572
-0.3233557
-0.7613285
0.4387936
-0.8467693
0.787986
0.6813622
2.897981
-0.4478758
0.3708279
-0.3058511
0.3429457
0.8266118
0.5012084
-1.027257
-0.6159618
-0.9095668
-0.264917
0.8739215
-0.3962791
-1.087595
-0.3419949
0.1187245
0.1173809
-0.1686275
-1.27654
0.01585678
-0.3285767
-0.4487704
0.1220904
-0.04612714
-0.08742385
-0.184303
-0.3192083
-0.493499
0.3766339
0.1471457
0.119534
0.3748177
-0.1099106
-0.00203092
-1.656219
1.035123
2.052694
-0.5391676
-0.2589794
-0.1388355
0.8195565
-1.310817
0.5872177
0.2949592
0.1185491
-0.5578506
-0.02448651
0.4419708
0.002038469
0.5517316
-0.07734695
0.2509531
-0.00244499
-2.522827
0.3919065
0.4040948
-0.08351319
0.1999177
-0.2122287
-1.62382
-0.3738232
-0.6350507
-0.2574253
0.3374812
-1.17613
-1.084161
0.8836223
-0.1247521
0.7826242
0.07639387
-1.594481
1.388918
-0.4433002
0.6727057
-0.714693
-1.978763
0.3150606
0.2553218
-0.1326533
-1.150288
0.6573789
-0.02065281
0.8178534
0.09257885
-0.9785576
-0.4429123
1.661822
0.8928449
-0.2425537
-1.326919
-0.4143048
0.3403882
-0.1102602
0.3100532
-2.767691
0.718303
0.0808763
0.4974948
-0.5061156
0.05181485
0.09540995
0.4115661
-0.8752192
1.346349
-1.260083
-0.1836913
1.439322
1.139247
-1.076777
-1.014234
-1.547892
1.62898
-1.339172
-0.3967607
1.022854
0.1953293
-0.2882439
-0.3386692
-0.283895
0.7671393
-0.9702485
0.867702
-1.263981
0.08240824
1.110899
-0.340719
0.3235612
0.04452639
0.5121485
0.1832673
1.254236
-1.448692
0.2953436
-0.7449145
-4.137496
-1.200843
0.6585325
-0.01752611
0.2024068
-1.594253
0.2672606
0.6823554
-1.202203
-0.4809263
0.4900261
0.05744636
-1.425516
0.8336374
0.243447
-0.6133935
-0.2563527
-1.17232
0.3042045
-1.397643
1.038776
0.4415447
-0.0006977292
-0.7742606
-0.006444381
0.6362373
-0.2607479
-0.2566804
1.787314
-0.8433851
-1.72234
-0.18458
0.7259434
-0.9246775
-0.01440028
-0.4785221
-0.4797646
0.4150469
0.3858951
1.471626
0.3881211
-0.05184984
0.6636756
-0.1184066
0.4082469
-0.07028944
-0.6114397
0.2757517
-0.8295322
-1.376683
-0.3511389
-0.1742099
0.2656209
0.1240653
-0.342381
-0.6752061
0.574236
1.182881
0.3040337
0.1347363
-1.257986
1.73223
-0.4571843
-0.2904124
-0.2089017
-0.4253225
1.059665
-0.9846805
-0.2188642
-0.05839446
-0.9289907
0.505949
0.05401263
0.1694863
-0.6868416
0.1522381
0.0419769
-0.01283642
-1.104625
-0.3481185
0.1837484
-0.6159818
0.08145206
-0.3809054
-0.6030597
-0.5138595
-0.08230883
0.4445681
0.5928974
-1.490444
-0.03087967
-0.3313641
0.0338418
-0.5502752
-0.3222764
-0.5437493
-1.508474
-0.05419859
2.607799
-0.3047189
0.3597712
-0.5528217
0.7483113
0.01070447
-0.08124386
0.3504991
0.7127305
-1.162351
-0.03578246
-0.5631179
0.5831023
0.4333838
0.1010309
0.6633862
0.9620957
-0.4558223
-0.1301204
-0.1218033
0.1148768
0.4822319
-0.7823932
-1.939318
-0.3131534
0.2127197
-0.643646
-0.120397
-0.7070923
-0.01336717
-0.3286
2.081843
0.7878953
1.07883
-0.2805721
0.7205479
0.3811511
0.2045882
-0.3890854
-0.1601003
0.1365325
-0.598042
0.2686744
-0.9052091
-0.6253157
-0.05965412
-1.945913
0.5822803
-0.4430102
-0.2470636
1.699802
2.36591
-1.456261
0.2324599
0.8839513
-0.8877344
-1.380108
-0.5994458
0.04606201
-1.23516
-0.2104621
0.9617496
-0.4683982
0.4836372
-0.377535
0.6509751
-0.8653666
-0.004797762
-0.6069446
0.6943666
0.03532381
-0.2747363
0.4651735
0.22438
-0.4875842
-0.6113358
-0.1026436
0.5814658
-0.6928577
-0.5445949
-0.2846747
-0.9722655
-1.140625
-0.2894886
0.7011725
0.4771435
-0.03276094
0.1701335
-0.7108829
0.2419352
0.3109614
-0.04072995
-0.4571386
0.1781944
-1.579218
-0.5927002
-0.2913494
-0.9678268
0.8749552
-0.300849
0.1632968
0.03356941
-0.4139085
-0.2549902
-0.3011811
-0.2606043
0.1265321
-0.5128489
0.7528476
-1.248758
-0.2402225
0.1344155
0.9095493
0.04208208
-0.0473282
-0.6773508
-0.4324759
-0.1211702
0.354218
0.2153316
-0.008639599
0.5040336
0.1781967
-0.9457119
-0.9610414
-1.598865
1.597595
1.526525
0.2263945
-0.1813862
0.00795038
0.6735732
1.727688
0.2183256
-2.9299
0.6730111
-1.516734
-0.9059287
0.6255379
-0.08547021
-0.8413939
0.4878219
-0.2959982
-0.6774652
0.8108037
0.2125579
0.6039518
-0.2650057
-0.5461068
-0.8045368
0.5849505
0.2988729
1.661362
-0.4088569
-0.4164874
0.3911979
-0.03112919
-0.03837209
0.1227508
1.125923
0.08270211
0.5611078
-0.646863
0.07830076
-1.176461
-0.3060652
0.8994938
-0.2239669
0.6894096
0.406758
1.54166
0.6010367
-0.4918857
-0.4442789
-1.424945
-2.012039
0.7419015
-0.7265216
0.4671594
-1.062952
1.994242
-0.8313805
-0.6837884
-2.495795
-0.4431781
0.6636175
0.4307475
-0.2409648
-0.8922524
-0.9088008
-0.5357176
-0.002799867
-0.7295718
0.1233086
-0.2849768
-0.09887841
-0.3949695
0.137005
-1.115397
-0.7284575
1.958423
0.1339683
-0.772631
-0.4612609
-0.2343161
-0.1723821
-0.2844902
-0.946172
0.1141289
0.2371541
0.2621247
0.204256
0.2670981
-0.1790574
-0.686196
0.2168304
0.4896485
-0.06210244
-0.03777722
0.2095165
-0.4752696
0.644729
-0.00533494
0.001824199
0.3241616
0.04957122
0.4956702
-0.9800984
0.06743279
-0.107135
0.07527767
-0.1875834
-0.05018384
0.03240529
-0.153763
0.01579827
0.002407129
0.3658365
0.1092117
-0.1713181
0.1512625
0.1269362
0.1589241
0.08077672
0.1605842
0.04893228
-0.05279323
-0.1127687
-0.04093695
0.04169124
0.1199106
-0.03938434
0.286552
0.2471392
0.3781216
-0.003634097
-0.2547202
0.2932779
-0.02346277
0.2543502
-0.01783176
0.3000222
0.2585067
-0.4632089
-0.05495522
0.06726382
0.3946002
-0.0791582
-0.1220115
0.2891384
-0.1670705
0.02121493
0.2888361
0.2178818
0.1196873
-0.1267909
0.113613
0.1722022
-0.03442746
0.08070124
0.0118072
0.3525296
0.03647115
-0.3702359
-0.1341454
0.04165407
-0.102145
-0.06222681
-0.2742751
0.4016887
-0.1405045
0.120625
0.1399841
-0.05099743
0.07309838
0.06129958
0.008493255
0.2077144
0.2524057
0.03119309
-0.2060934
0.2107112
-0.3259667
0.0695884
-0.2036295
0.1892933
0.04661343
0.1647174
-0.2591312
-0.1002711
-0.05248757
0.09713379
0.01071761
-0.1193853
0.2665789
-0.291414
-0.1462572
-0.02053924
-0.3483066
-0.05543073
-0.05049871
-0.07206686
-0.1251237
-0.02203909
-0.01997839
-0.1579826
-0.315807
-0.2476409
-0.1594512
0.4742258
0.1801948
-0.0369578
-0.2047518
-0.02829831
-0.1690331
0.3135358
-0.2294304
0.2104001
0.04283956
-0.128751
0.04274161
-0.3675365
0.03268098
-0.2397315
0.1361441
-0.05681958
0.04320699
0.1671638
-0.1109887
-0.1683497
0.2958959
0.2071344
-0.01295173
0.1098547
-0.1576613
-0.03846476
-0.3455046
-0.02763706
-0.1498035
0.007559056
0.03466953
0.05134551
0.08019153
-0.3142675
-0.2817549
0.2443552
0.1196467
0.04127608
0.4394743
0.1984936
0.003471111
0.1567585
-0.2169576
-0.1277764
-0.1048935
0.02998095
0.03188712
-0.05732819
-0.1027828
0.1530119
0.0410041
-0.06244314
-0.2452103
-0.02538974
-0.08709239
0.2945476
-0.2004296
-0.243589
-0.1694282
-0.2595734
-0.5415799
-0.09430517
0.1845856
-0.0861408
0.1157887
-0.2285967
0.04075041
0.2291605
0.03638265
-0.05581936
0.2151768
0.05257254
0.05673955
0.3820353
-0.04353778
0.3334422
-0.1129226
-0.2357003
0.1129966
-0.1659007
-0.2235015
-0.1629019
0.1365953
-0.3191876
0.02155173
-0.1125672
-0.2642847
0.1596515
-0.4731666
0.09381853
-0.01434498
0.1665431
-0.0676021
0.09742245
0.08379953
-0.01398069
-0.1979902
-0.1772181
0.06152996
0.05061744
-0.04705847
-0.0912063
0.008216208
0.1459782
0.2617333
-0.1867082
0.06200892
-0.211464
-0.08717232
0.04847185
-0.1669754
0.03976069
0.01506062
-0.2353862
-0.1704654
-0.2792067
0.04572669
0.1383194
-0.2510681
-0.2243231
-0.3817389
-0.05082563
-0.1832386
0.2785605
-0.2883447
0.2768766
-0.2336123
-0.07852867
-0.07772933
-0.0859865
0.0318272
-0.1568156
0.1747954
0.1976728
-0.02978868
0.1305398
-0.2830659
-0.1862892
0.02399004
0.1818194
-0.04323118
0.1443145
-0.05084592
0.1397575
-0.09180062
0.134037
0.07621478
-0.151711
-0.03964784
0.2084406
-0.1760508
-0.007404056
-0.3512166
0.01505394
-0.1379239
-0.08851587
-0.09760743
0.3730946
0.0315883
-0.1718868
-0.06214203
0.1966518
-0.1819156
0.03212831
-0.05775649
-0.1395545
-0.1191815
0.07609253
-0.09410001
-0.1250364
-0.2063644
0.01777806
0.06114782
0.1681771
-0.1067018
-0.1333999
-0.2012904
-0.05931228
-0.1655447
0.1028575
0.1049371
0.02303368
0.2065022
0.1776167
0.1887309
-0.09448788
-0.2638021
0.3106975
0.1280286
-0.05315024
0.1838063
0.008751711
-0.001315161
0.1124155
0.2049531
0.2317252
-0.2796832
-0.008182015
0.04380792
0.1301787
0.2576495
-0.03962565
0.1109026
0.03532093
-0.1730848
0.1007411
0.08531714
0.06929558
-0.02127538
0.1349055
0.1156397
-0.003030227
-0.1092182
-0.06650906
0.2176905
0.1821418
0.04058442
-0.1211771
0.250852
-0.02650195
-0.1492503
-0.05792213
-0.006269903
0.02265973
-0.02939364
-0.08752651
0.1810058
-0.0472968
0.03369376
0.03182904
-0.1829719
-0.08062704
0.1610862
-0.03749236
-0.1998381
-0.04633389
0.02778264
0.118583
-0.101293
0.1819459
0.08458794
0.1132072
-0.3871526
0.03615652
0.09901702
-0.103411
0.2895572
0.1204916
0.174424
0.133647
0.02549125
0.01400044
0.1390811
-0.2204449
0.1447671
0.2142203
-0.1666197
0.00291547
0.173259
0.1258731
-0.1823228
-0.06663447
0.003556829
-0.05817787
-0.2052616
-0.02818115
0.05733136
-0.2168336
0.01421082
-0.004620195
-0.2092631
0.1125581
0.02167009
0.02648018
-0.106097
-0.0845922
-0.05037897
0.01184918
-0.0455316
0.05006319
0.123246
-0.03670827
-0.0243859
0.08517094
-0.1084743
0.1355517
-0.1543393
0.1521863
-0.06646239
-0.3383626
0.06431524
0.1441612
0.02242821
0.1584348
0.2142136
0.07629835
-0.1427695
0.08004975
0.1776938
-0.06859864
0.3031147
-0.1199065
-0.3387759
0.05517966
-0.01560545
0.1401373
-0.03241228
0.06843273
-0.04354024
0.09661845
-0.2246329
-0.1316077
0.1991385
-0.1114928
-0.04419005
-0.1372084
-0.01980245
0.062115
0.0137963
-0.05049615
0.09957734
0.1221455
-0.03329672
0.1609238
-0.1134447
0.099189
-0.2444812
0.1173554
-0.05379628
0.2244909
-0.08054513
-0.06421609
0.1697736
0.1242784
-0.01895683
0.1418238
-0.09568672
-0.1591936
0.2439507
-0.218056
-0.0280731
0.1916952
-0.2094025
-0.04441464
-0.2286695
-0.02957513
0.0178076
0.271827
0.06228587
-0.1719835
-0.1406106
0.06758223
0.1167736
-0.1721878
-0.04029253
0.1034411
-0.04177638
-0.08903291
0.0487664
0.1425757
0.301461
-0.2115564
0.0158988
-0.2449352
0.02281426
0.05163109
-0.02693496
0.09706755
0.2610682
-0.06754243
0.01192457
-0.3283696
0.09020934
-0.1214205
-0.02732908
-0.1303131
-0.01346614
-0.2061164
0.1890989
0.1318114
0.08297097
-0.0330249
-0.03529072
-0.1408255
0.2235488
0.06900091
0.09316036
-0.03976807
0.249134
0.3059985
-0.1899869
0.3247582
0.3632251
0.2849652
-0.2794332
0.2289726
0.08664445
0.02362696
-0.1740429
0.04558744
-0.2629648
0.2353445
-0.3570094
-0.1459095
-0.1940177
-0.104207
-0.06849169
0.02439861
-0.321264
0.00588736
0.0684015
0.03371566
-0.008736361
0.002004576
0.04152718
0.02103982
0.1597896
0.0672894
0.008450571
-0.0109267
-0.2057614
-0.04218062
0.08984018
-0.1068117
-0.1371055
0.1454341
-0.03267588
0.06159616
-0.2509369
0.09239697
-0.1515096
-0.05957432
0.2314794
0.1190854
0.06798219
-0.1419861
-0.1012893
0.05599995
0.09963712
-0.1385528
-0.1299438
0.0493174
0.02069222
-0.06373824
-0.09616335
0.08604315
0.00995296
-0.1137829
-0.03188884
0.01442458
0.1784915
-0.1595542
-0.1947695
0.05100776
0.1362575
-0.1927234
-0.1180648
0.177421
0.07186867
-0.0505389
0.0606825
0.1454466
0.02162786
-0.03826094
-0.2681106
-0.002055797
0.1621578
-0.1380237
-0.01587303
0.1276769
-0.01420071
-0.04737056
0.1104261
0.06303467
-0.04574734
-0.09052364
0.1785878
-0.04952733
-0.1047467
