-0.07511345
0.08990923
-0.01449389
0.1025881
0.1263853
-0.01485349
0.03441894
0.06997819
0.02550915
0.08704922
0.1173197
0.1375429
0.1651981
0.02701884
-0.09706978
0.1614565
-0.00467346
0.3549277
0.2334934
0.1734449
-0.2292168
-0.05706612
-0.1485866
-0.3521109
-0.2692975
-0.4203928
-0.2530218
-0.3395246
-0.1872285
0.06065105
0.03433121
-0.2236542
-0.02137978
0.2688179
0.2430674
-0.06962249
0.3440637
0.2168562
0.04266318
-0.1054965
0.1331826
-0.07395434
0.0173334
0.1000101
0.2229555
-0.3364328
0.03379622
-0.005551707
-0.3312555
0.07363893
-0.1961928
-0.02349171
0.07702859
-0.08939595
-0.2309022
-0.0547314
0.06458928
-0.04731696
-0.242148
0.02930275
0.1576316
0.06713091
-0.2816059
-0.2435488
0.1755958
-0.1866354
-0.3872826
-0.7473333
-0.0001310105
0.02266822
0.05696813
-0.007571523
0.02109836
-0.02910887
0.0343729
0.03868463
-0.3053001
0.1802718
-0.2332911
-0.07015461
-0.102332
-0.04016334
0.0226174
0.09393358
0.1018865
-0.3924341
0.01583297
-0.04023213
0.2278901
-0.2322135
0.08675929
-0.1944892
0.1438038
0.1157972
-0.06281667
-0.2331792
0.05059712
0.2267642
0.03261137
-0.1093952
0.03894136
-0.1992244
0.05820032
0.01493868
-0.06218932
-0.03875785
-0.0700274
-0.05122519
-0.03603785
-0.2137457
0.2694873
-0.1336932
0.153695
-0.2843916
0.1558358
0.2526012
-0.04912996
-0.2512746
0.03704391
-0.1458503
-0.2314602
-0.1043297
0.1736607
0.03288787
0.1831138
-0.2084495
-0.009924391
-0.2542866
-0.2819687
0.2192877
0.1285866
-0.1840653
-0.253186
0.03805519
0.1969703
0.03334662
-0.7310697
0.2897821
0.0113456
0.1773429
0.2159357
-0.2621163
0.1856101
0.04536092
0.07071034
0.1937611
0.1005882
-0.08125719
0.0446369
0.1283396
-0.05986604
-0.1417776
0.08212879
-0.05276757
-0.03837813
-0.2034322
-0.08261185
0.06864475
-0.0536787
-0.05351128
-0.03135024
0.09645575
0.09410302
0.02948866
-0.08247798
-0.1247819
0.04671427
-0.0001993235
0.05906357
-0.03435718
0.0329675
-0.06984586
-0.2358225
-0.03612966
-0.35323
-0.1681197
-0.2950844
0.08721843
-0.04980002
0.03987655
-0.2136598
0.01630566
0.2484367
-0.03280716
-0.02955376
-0.3016882
0.02487301
-0.2515421
-0.5694087
-0.03367779
-0.3740456
-0.08587176
-0.3564272
0.1945896
0.02444899
0.1701635
-0.3385093
0.0103512
-0.3107507
0.2066497
0.1758457
-0.1504993
-0.3499237
-0.07503439
0.06533306
0.2671293
0.1369653
-0.1696098
-0.01279401
-0.09290534
-0.06850487
0.06522344
-0.1663131
0.1396009
0.0802081
0.17773
-0.330846
0.1853625
-0.186758
0.1817019
-0.1129567
0.1435944
0.01290377
-0.1491256
0.06068758
-0.01965852
0.0863881
0.2709451
-0.2897321
-0.03212992
-0.06513578
0.09940375
0.07028598
-0.2650299
-0.006150068
-0.1212398
-0.2411693
-0.08537852
-0.08925517
0.1844778
-0.1885319
-0.07282748
0.1182298
0.1366813
-0.1751889
-0.003910533
0.03201989
0.1282149
0.03361279
-0.177253
-0.0413361
-0.2373591
-0.2577398
0.01791124
-0.1700541
0.2320055
-0.2467785
0.02517468
-0.002916866
0.1321548
-0.1671682
-0.1448333
-0.1500497
-0.3029338
0.2409517
-0.15876
-0.07061695
-0.6782895
-0.1269803
0.02034564
-0.1692139
-0.0375853
0.05799944
0.1123024
-0.009414537
-0.06764714
-0.23009
0.0008299128
-0.1459218
0.06276833
-0.1965743
-0.06396805
-0.005274682
-0.05889136
0.002186228
-0.05192879
0.1327164
-0.05203211
-0.0708049
0.2833174
-0.09328613
-0.1992701
-0.160164
0.1064935
-0.2672538
-0.05528538
0.005693418
-0.208027
-0.01411732
-0.1068391
-0.2268035
-0.2244185
0.1315625
-0.01216847
-0.1658356
-0.02219983
-0.1371563
-0.07741153
-0.06998807
0.02973494
0.01118091
-0.06393252
-0.0485065
-0.06505121
-0.08361181
-0.1190238
-0.3110937
0.03515038
-0.04499245
-0.05907189
-0.01207989
0.2322472
0.1095428
0.1069802
-0.2570769
-0.3024326
0.003691138
-0.001116116
-0.311772
-0.262189
-0.1126046
0.005794176
-0.06350907
0.1005106
-0.2585041
0.147269
0.2258988
-0.04918477
-0.03654909
-0.1196497
-0.05698129
-0.7280853
0.3423901
0.203946
-0.4786719
0.1515734
0.01189661
0.4049924
-0.2464436
0.1397594
-0.6860178
0.2624722
0.3138073
-0.05752357
-0.3136508
-0.6037427
-0.02631336
-0.3016146
0.2367246
0.1591706
-0.1191159
-0.09557489
-0.1139129
0.2650457
-0.1387782
0.04976918
-0.8280848
0.06630249
0.1561634
-0.669942
-0.2909573
-0.1056937
0.05814594
-0.7184482
0.02552821
0.04752052
-0.332667
-0.1224927
0.1307718
-0.06520174
-0.2026874
-0.1151792
-0.5053982
0.09458891
0.08594309
-0.5825525
-0.1318843
0.01132745
0.03796164
-0.3817637
0.0291734
0.0509942
-0.5636099
-0.1121887
0.2113867
0.2904026
-0.04170171
-0.0874707
0.004664976
-0.2121844
-0.09648686
0.08998708
-0.1151749
-0.2353555
0.03083573
0.06146184
0.1114285
-0.1503892
0.144279
-0.01875349
0.06191733
-0.01188442
-0.1423717
0.08362486
-0.2180291
-0.04193485
-0.1476553
0.04107733
-0.05776342
0.02236937
0.08641824
-0.1700178
-0.003737658
-0.03152746
0.1035016
-0.3529971
0.04268391
0.1352813
0.05161101
-0.01185029
0.0276261
-0.0317906
-0.1198044
0.08075254
-0.02278528
-0.1843814
0.1694475
-0.357127
-0.1062345
-0.2213319
0.07973167
-0.247342
-0.09472266
0.03518272
0.1949129
-0.009647007
-0.3340453
0.2352305
-0.002084245
0.06209059
-0.199681
-0.1139955
-0.08022486
-0.2184592
-0.1456155
-0.0869965
0.1255176
-0.5251285
-0.04708062
-0.06037903
0.09700088
-0.1944816
0.02806913
0.05459567
-0.04469773
-0.2864953
0.02018653
0.06171666
-0.03332699
-0.1480946
0.04924842
0.05101702
-0.2595732
0.2137225
0.0484566
-0.07205112
0.1029344
-0.2824692
-0.07432479
-0.09571064
-0.09746943
-0.09306912
-0.03037815
-0.01250185
-0.03425386
0.07658696
0.005655672
-0.06518688
-0.1847559
0.3848649
0.1294766
0.02478559
0.05887862
-0.04955747
-0.03882442
-0.09723903
0.02068203
-0.008572673
0.06720583
0.1001488
0.1015812
-0.01770465
-0.225797
-0.1725965
-0.03562948
0.136178
0.1021409
-0.4886667
0.08301497
-0.1855322
0.04830683
-0.2005876
0.0823093
-0.08035519
0.002546081
-0.07898799
0.06147227
0.09338102
0.002669527
-0.201553
0.1415061
0.01928088
0.004336656
-0.6133749
-0.03555483
0.03333811
-0.1609414
-0.1974356
0.05368524
-0.4243788
-0.04732089
-0.1184347
0.09402119
-0.4882338
0.02597826
-0.07052828
-0.1434975
-0.09133419
0.09886874
0.1345388
-0.1604307
0.1801144
-0.2056769
-0.1577908
0.1869184
-0.5580891
0.04579826
0.0443635
0.03886076
-0.3307465
0.1548913
0.1298667
-0.198269
0.002632245
-0.01545335
0.1355764
0.02089538
-0.1230088
-0.2625901
-0.2137943
0.03363851
-0.1999633
0.04497282
-0.01562791
-0.205152
-0.3267393
0.2010453
0.1582449
-0.3866145
0.09398699
0.1131052
0.009549389
0.1756633
0.152293
-0.1079457
-0.2672913
-0.1235616
0.1459086
0.1422692
0.01771904
-0.2512208
-0.1225366
0.1924258
-0.06565838
-0.3766532
0.1216588
0.1207304
-0.01575321
-0.07883748
-0.003230985
-0.01122698
0.02193796
0.04512292
0.1225023
-0.02333164
0.02420206
0.02904686
-0.05109868
0.0219469
0.008948187
0.1438747
-0.05127944
-0.06271181
0.01507886
-0.08946011
-0.06266114
0.07235865
-0.08976074
0.02023424
0.02727327
0.04827062
0.1214752
-0.05242755
-0.1646132
0.1576764
-0.03342379
0.05431961
-0.0701092
-0.02290533
0.02164534
0.130966
0.1875609
-0.1793832
-0.1086779
-0.02610323
-0.03233994
-0.09923325
0.0335135
0.0304226
0.02492934
-0.1045829
0.008332717
-0.04876389
0.0469681
0.03734993
0.06090732
-0.1371525
0.1948629
-0.1116077
0.04097669
-0.04728216
0.03620514
-0.03402265
0.05217877
0.05225216
-0.02738197
0.07373234
-0.1207333
0.008895926
-0.03928115
-0.02801778
0.04319823
0.008993587
-0.03354727
-0.0382149
0.122471
-0.1761158
-0.04425795
0.02706049
-0.02502902
-0.1215862
0.05904946
0.09429827
0.08053835
-0.1127903
0.03307604
0.2259846
0.1672323
-0.06151281
0.01137497
0.3339649
0.009691151
0.02679969
0.03553883
-0.0456128
0.05778309
-0.03693828
0.1400428
0.07862245
0.1968205
-0.01826029
0.1292763
-0.06745015
0.1133684
0.005177629
-0.005233851
-0.07609122
-0.02782039
0.03051875
-0.05064988
-0.05654462
-0.06016182
0.04166389
-0.04299258
-0.03211492
0.08159631
-0.01686285
-0.04916244
-0.01370258
-0.03694952
0.0223965
0.04690384
-0.02769319
-0.08400612
-0.1507548
0.02816605
0.01599788
-0.006806686
-0.08988413
-0.03194302
-0.1000221
-0.05388024
-0.05940058
0.01015106
0.0221986
-0.1429841
-0.002633647
0.003757599
-0.02350422
0.02573894
0.004602931
-0.02888378
-0.09402382
-0.01955827
-0.008680301
0.1676071
0.1743044
0.09095826
0.1458459
-0.07854077
-0.004224659
0.01207241
0.06063766
0.1688965
0.0385888
0.1290258
-0.05097538
0.08533113
0.01165369
-0.03126863
0.05485693
0.02946324
-0.02061022
0.09383007
0.07348976
0.006629071
-0.006017424
0.01972812
0.04945706
-0.003415184
-0.0002770133
0.01584237
0.01092713
0.03865593
-0.01912693
-0.02960941
0.02542292
-0.01277016
-0.02479039
-0.133002
-0.1260645
0.0190237
-0.05561415
-0.1699167
-0.07102948
0.02806992
-0.009945814
-0.03929873
0.08037785
0.01283312
0.03779646
-0.1952139
0.1385383
-0.01010878
0.04513817
-0.03482324
0.006587258
-0.1211794
0.09369391
-0.07396663
-0.07426346
0.04983553
-0.03971949
0.03418243
0.7744995
0.0472786
0.008232732
-0.07248671
-0.07229636
-0.02906828
0.02687772
0.03522855
0.1170401
-0.1121612
0.08294743
0.008672046
0.0391556
-0.01882379
0.005566793
-0.1449807
0.06745233
0.03811853
0.04459656
0.01375649
0.004703075
0.02654563
0.03711788
0.1849491
-0.088888
-0.02530937
0.001119444
0.01759824
0.01735814
-0.008639457
-0.0186548
-0.1200347
-0.04178881
0.001675277
0.05416885
0.03420584
0.1088982
0.07265965
-0.005537507
-0.0409495
0.09596296
0.0355852
-0.05552353
-0.07479452
0.2285346
-0.07028776
0.03434449
-0.01548639
0.04270239
0.01165358
-0.2508097
0.04223059
0.4193799
-0.01604681
0.05481587
0.04986074
0.05688616
0.006351411
0.04685665
0.0107717
0.02910932
0.1074698
0.2029123
-0.03292409
0.03910378
-0.08703304
0.7291468
0.06679485
0.02400386
0.5107517
0.01510443
-0.3825067
0.2080378
-0.01896198
0.04114062
-0.04738247
0.01803422
-0.01732452
-0.007346019
0.05561733
-0.0542823
-0.04233135
-0.4352888
-0.1655772
-0.07075191
-0.1058298
-0.05970171
-0.05105932
0.03358905
0.1077563
0.007457847
-0.03088223
-0.07729789
-0.04425882
0.1101022
0.04019623
0.1077379
-0.007208986
-0.07260444
-0.08955611
0.02784332
-0.05411473
0.05903406
-0.06257448
0.1252494
-0.08948159
0.03227601
0.04608353
-0.09611987
-0.04663808
0.2388718
-0.0715797
0.2036642
-0.04287473
0.04783302
0.08116934
-0.4240699
-0.01570186
-0.02719232
-0.2868231
-0.1499092
-0.001430565
0.01980152
-0.04360013
0.1055605
0.1150357
-0.08453282
0.121022
0.03952722
-0.01085937
-0.03074444
-0.9120622
0.0003412114
-0.1140586
0.1231648
-0.03190072
0.04936681
-0.004504846
-0.4129664
0.07228916
-0.1371566
-0.1863067
-0.03438146
-0.07696869
-0.03100212
-0.0999226
-0.008898336
0.04124659
0.05901098
-0.04772675
0.08808361
0.0420582
-0.03522461
0.03007042
0.02416166
-0.06176727
0.06907583
-0.06376284
0.08923445
-0.01571381
0.1961251
-0.0443728
-0.07720843
0.0508631
-0.002829925
0.2573568
0.02600513
-0.05232712
-0.0731781
0.003381791
0.04039066
0.02496074
-0.03956259
0.1377544
-0.1033925
0.1417991
0.2278519
0.02884385
-0.06079648
-0.2198966
0.03129008
0.08261244
-0.5136515
0.2617466
-0.1612194
-0.01899529
-0.1134494
-0.5441731
0.02859489
-0.07854336
-0.01612337
0.05191598
0.07178224
0.004529558
0.01933743
-0.0919005
-0.4671611
0.1397808
0.04321916
-0.01327234
0.07144256
0.01208795
-0.01303971
-0.01259016
-0.004397741
0.0130158
-0.006320121
0.115297
-0.05464704
0.08513577
0.04931219
0.07959413
0.04843075
0.1691237
0.03142238
0.01421444
-0.2687196
-0.07565539
-0.044227
-0.00749743
-0.1373988
0.08518878
-0.1028793
0.03916166
-0.2560305
-0.05091978
0.006452501
0.02524387
-0.004581648
-0.2380632
-0.007883477
0.06547294
-0.08043467
0.05136907
0.05529534
0.06248448
-0.02040033
-0.1498667
0.05718964
0.1926201
0.06247922
-0.01809589
0.02652937
0.06000395
0.008159662
-0.1285058
0.06142335
0.03283237
0.1460411
0.07163564
-0.03137732
0.1412207
-0.07043418
-0.06887341
-0.07180107
0.07920358
0.04716463
0.006785004
-0.0001283748
0.06649246
-0.06843434
0.0206015
-0.04703587
-0.04370756
0.02210514
0.007640173
0.006208266
0.07048886
0.07193031
-0.09315518
0.03049885
0.09877111
-0.04801807
0.01398124
-0.2491537
0.01440145
-0.01539869
-0.01554766
-0.262624
-0.009917588
-0.01611861
0.05764152
-0.3451377
0.01095066
-0.02572471
-0.2131895
-0.4711986
-0.02490064
0.07175207
0.01881155
-0.1272564
0.0343266
-0.02695446
-0.3168156
-0.03189946
0.03755338
0.1195659
0.004126829
-0.01390296
0.1427345
0.008946473
0.06072675
0.02042736
0.2854275
0.1014049
0.04281981
-0.05369986
0.1049838
-0.006162128
0.02551227
-0.02977066
0.1882349
0.3921684
0.1192598
0.03766736
0.2393551
0.3158839
0.02724618
0.1079252
-0.06752924
0.03967426
0.02357071
-0.04923305
0.05976691
0.2970029
0.02124224
0.07547088
0.009823075
-0.0519623
-0.009679444
0.02138132
0.06041924
0.1143019
-0.02572499
-0.1608087
-0.02765324
-0.03503208
-0.03080885
0.01688196
-0.01735711
0.07564121
-0.1011368
-0.06207955
-0.1557892
0.0470932
-0.00431961
0.1308882
0.005203031
0.0857848
-0.07601747
-0.04674887
-0.06446392
0.0288935
-0.03554296
0.07047024
0.02138336
0.008460089
0.0279628
0.01152363
0.175053
-0.05376872
-0.1058493
-0.01069646
-0.03150426
-0.03802792
-0.02867291
0.05657077
0.4758504
0.2818851
-0.05449149
-0.08295897
0.2274883
-0.005844177
0.039056
-0.07031506
0.050974
-0.1146991
0.03631622
0.02026065
0.1796365
-0.2398572
-0.03656707
-0.01044783
0.05323399
-0.06824706
0.1069232
0.06341973
0.05141984
-0.09329749
-0.04978187
0.03901996
0.06311876
-0.1451543
0.004145885
0.003956471
0.03406977
0.0593054
0.03109428
0.06779635
0.1008783
-0.09753104
-0.107375
0.2000247
0.05225201
-0.06499236
-0.07597682
-0.00352614
-0.05174913
0.04409922
-0.03990551
-0.1011538
0.04779364
-0.05072941
0.009923713
0.1265372
0.07190997
-0.07471644
0.06126232
-0.1797097
-0.02492324
-0.00204417
-0.052813
0.2316899
0.2028724
0.1543113
-0.07394107
-0.003220335
0.1286228
0.0949197
-0.04226919
0.09113102
-0.03436845
-0.04469698
-0.01391336
0.01188959
-0.3202664
0.2734842
0.051486
-0.03453054
-0.008090133
-0.09990842
0.03924355
0.08199286
-0.1076734
-0.3686299
0.1639922
0.08794308
0.09640563
0.1930388
0.0170224
-0.05039332
0.005614013
-0.02949359
-0.1276159
-0.03093128
0.01233238
-0.02619298
-0.01112277
0.7818167
0.01923551
0.01097762
0.02049917
0.06908771
-0.1268949
-0.05116755
-0.01936512
0.04830671
-0.4578376
0.02236491
0.05934048
-0.01125953
0.1007419
0.0005470836
-0.02068591
-0.2841944
-0.3437519
-0.05637792
-0.2436734
0.1159805
0.1050756
0.0698116
0.0102666
-0.00402388
0.03499685
-0.08392756
0.08975182
0.7177988
-0.2165512
0.03782263
0.006432952
0.06133598
-0.2808596
-0.01982587
0.005932134
-0.1026956
0.1251293
-0.08866568
-0.03772336
-0.1306683
-0.06604432
-0.1893667
0.1372207
-0.1259634
0.3853515
1.201076
-0.04094771
-0.08320244
0.027631
-0.2165363
0.06913561
0.007166617
0.1452997
-0.01599966
-0.04788951
0.09341372
-0.01473392
0.08539025
0.08870056
-0.1404414
-0.03769473
0.09466593
0.02264298
-0.0379761
0.1080793
0.0008320318
0.03126885
-0.04361526
0.1204628
0.01913149
-0.07803141
0.0982457
0.0005100083
0.04976973
-0.08739477
0.03109168
0.02953007
-0.08044771
-0.1099985
-0.0109583
-0.0006926743
-0.0523076
-0.05983623
-0.06104324
-0.08398324
0.05881911
0.001005152
-0.09571251
0.03860799
-0.1218021
-0.0009795987
-0.03554663
-0.06537301
0.3123358
0.08144765
-0.05450019
0.0396572
-0.2743692
-0.2190263
-0.04138744
-0.07321679
0.424194
0.01537097
0.005598394
0.01696187
-0.08877335
-0.002833927
0.02832264
-0.2161492
-0.06600018
0.07414078
0.1213121
0.3993404
0.1345522
0.0008444411
0.03868082
-0.3066191
0.06679317
-0.03608126
0.1698571
0.4190718
0.2104827
0.08354338
-0.0904111
-0.1498159
-0.01305002
0.02651528
-0.03264466
-0.02607635
0.146251
0.08324415
-0.1094133
0.3656852
-0.05711921
-0.2382876
-0.007581798
-0.1258355
-0.2839525
-0.2662976
-0.293623
0.3404422
-0.4215471
0.3077359
0.2344164
-0.243286
-0.2711054
0.07691973
-0.2322044
-0.04639935
0.1466835
0.02947115
-0.06723575
-0.01855071
-0.4071843
0.2251123
-0.2410865
-0.3491859
0.1902157
-0.05360312
-0.2019607
0.02866539
-0.2302672
0.2901891
0.2797034
0.00897686
0.07169051
-0.2440029
-0.08409624
0.05163363
-0.5577335
-0.001598385
0.2053656
0.04973815
0.06397837
0.1956564
0.1916236
-0.189005
-0.1626656
-0.1378677
-0.130327
-0.001388883
-0.004388125
-0.1051522
0.2533016
-0.3034263
-0.4704894
0.3086401
-0.004530058
-0.1077862
0.04509567
-0.03942944
-0.1206657
-0.02280928
0.2405173
-0.02512716
-0.2158843
0.05786301
-0.1552641
-0.02515974
-0.2792626
-0.2171792
0.01630714
-0.01382169
-0.01217862
-0.1102616
-0.4824219
-0.02576006
-0.05688941
-0.02583187
0.1039229
0.1744171
-0.04774974
0.1373692
0.1124396
-0.180189
-0.1290147
-0.1671993
0.2874497
-0.07184152
0.1293804
-0.07553139
0.1651547
0.07725935
-0.1484535
0.01247042
0.04672717
0.02744883
0.2752391
-0.04363085
0.07583879
-0.0574506
-0.06297614
0.2819044
0.2324186
-0.09221648
-0.02584734
-0.03195501
-0.02978845
0.02907329
0.2570415
-0.4924873
-0.05126804
0.1814202
0.2449301
-0.1376134
-0.08939599
-0.03741
0.3037123
0.05911398
0.1075508
-0.3078218
0.1435366
-0.08194951
-0.1469047
0.1143568
0.07718293
-0.001227728
-0.1739888
-0.1031395
0.01963797
-0.1781386
0.04369264
0.1053026
-0.003517605
-0.06879885
0.1890975
0.1088178
-0.0503808
-0.07021347
0.3644091
0.2482432
-0.04347516
0.03516016
-0.1198022
-0.1001926
0.1279898
0.0591128
-0.0191832
0.1913718
-0.02358269
0.09098848
0.1019059
-0.2901906
0.1198495
-0.01428122
0.1214753
-0.345603
0.4708447
0.07973228
0.05375279
-0.204256
-0.1449065
0.2171337
-0.1096618
-0.1106073
0.2358528
0.05069443
0.2119136
0.1877826
0.3259119
-0.03488474
-0.1202331
-0.03164202
0.1721189
-0.1189419
0.1782688
-0.165515
-0.1068257
-0.02713559
-0.0474823
0.1979477
-0.2353287
0.02909258
-0.06285499
0.0586251
0.03049149
-0.04067998
0.05129219
0.005227164
-0.1784715
-0.0003898162
-0.03433757
0.1051378
0.1663418
-0.1568394
0.128741
0.1061244
-0.05285945
0.1649202
-0.08919367
-0.1894733
0.0782043
0.1596739
0.0410096
0.01584487
-0.216056
0.02206793
0.1590923
-0.01048304
0.1098956
0.2100111
0.2502014
0.08010996
0.4184165
0.2169176
0.2861059
-0.006688363
-0.1183214
-0.06382712
-0.1742399
0.1317078
-0.0517076
-0.319306
-0.2470666
0.3233421
-0.07271717
-0.1274762
-0.4179884
0.01704909
0.1710101
0.4646477
0.1492194
0.02717631
0.03619209
0.007433592
-0.3856104
-0.09673003
0.2050219
-0.04358598
-0.3382664
0.1665095
0.1082423
-0.06447068
0.01077628
-0.0598474
0.2435028
0.1230667
0.1076681
-0.02655289
0.007668094
-0.1304364
0.007044716
0.05767237
-0.03282319
0.03977123
0.1390855
0.1067836
-0.06885608
-0.07045335
0.04714234
-0.5592252
-0.05246852
-0.03945012
-0.03611173
-0.1460156
0.002649084
-0.1693088
0.02854658
0.3974392
0.2114569
0.1607216
0.1579062
-0.1551786
0.1139491
-0.1992881
-0.0005076039
0.1761062
0.1932462
-0.212732
0.1518194
-0.002344532
-0.1678835
0.07224337
7.144222E-05
-0.1976035
0.04432126
0.08187995
0.30939
-0.1100965
0.1983186
-0.2359022
-0.2897035
-0.4269909
0.1077167
-0.3509053
0.03170255
0.04583934
0.0728749
-0.1655191
0.054211
-0.03860384
-0.03162199
0.007896796
-0.03968668
-0.1397761
-0.07025088
0.07248493
-0.1217523
-0.2274169
-0.1609537
-0.1933058
-0.0005247653
0.1546123
-0.1222754
0.1780878
0.09751897
-0.1224
-0.17171
-0.06119591
-0.0923325
0.0943192
-0.2376175
-0.05231482
-0.009777821
-0.2900335
0.1205399
-0.01911113
-0.07856647
0.135942
0.05588555
0.143436
-0.1492748
-0.2051707
-0.1688865
-0.06111806
-0.2070405
0.1453646
-0.07848006
-0.0002635587
0.1260508
0.2654606
0.1314057
0.2311455
0.04458228
0.04452719
0.03291625
0.1891293
-0.3467804
0.1189399
0.212391
0.2085047
-0.03583179
0.1835253
-0.115748
-0.07784417
-0.06865238
-0.1607603
0.1101707
-0.07360318
-0.1913742
0.1593532
-0.3234153
0.3297366
0.09185276
-0.08367746
0.1077763
0.2960179
-0.09490875
0.1963455
-0.4059097
0.02192627
-0.1970359
-0.4352578
0.1456475
0.05031637
-0.3494817
0.1115804
0.08465946
-0.2704493
-0.1742634
-0.1980134
0.4336015
-0.2673024
0.3282816
-0.04265669
-0.07986663
0.4901182
-0.3548298
-0.3529726
-0.3404233
-0.685353
-0.85307
0.2029056
0.6509882
0.02079227
-0.09320953
1.288208
-0.3240297
0.8121226
-0.792039
0.7276081
-0.1909121
0.5132234
0.6798598
-1.23436
-0.1989595
0.5508577
0.2906349
-0.1591934
-0.1681621
0.2545298
-0.03564415
0.7442105
0.7574396
-1.563437
1.471685
-0.4867652
0.2791523
-0.2887935
-0.4050524
0.2385335
-0.1753877
-0.5116325
-0.3771467
0.2267949
-0.8381865
0.260415
-0.8036604
0.5741364
-0.8894271
0.2683152
-0.4903763
0.02366975
0.3834431
0.2161289
0.3491293
-0.2497344
1.717151
-0.7887899
0.4660961
-0.6658157
-0.3349492
-0.8508857
1.24635
-0.185065
-0.9245402
-0.95381
-0.6020555
-1.01451
0.1360072
0.5227966
-0.4477045
0.1875099
0.7704173
-0.5286631
-1.165951
0.1168335
-0.6817108
1.084185
-0.02592684
-1.862864
-1.480537
1.690756
0.03216584
0.2747169
-0.5392411
0.06015077
0.8616113
-0.3819486
0.08768281
0.2114564
-0.157817
-0.4149449
-1.525428
-0.0218265
-0.4471322
1.052958
0.5217746
-1.147138
0.963123
-0.2796581
0.2329777
0.3776311
0.7215356
-0.4038717
0.7460139
-0.03412164
0.9648545
-0.2783637
0.6906611
-1.720601
0.2371022
-0.537581
-0.3479649
0.6033358
0.3158844
0.3214733
-0.4274121
-0.2085677
-0.5911914
0.0581227
-0.5755174
-3.036776
-0.4656721
1.09648
0.4829529
-0.09925582
0.1230896
0.9809963
-0.7090544
0.4467358
-0.07722152
0.07342669
-0.6562366
-0.1888079
-0.4522783
-0.5309649
0.2016254
-0.04661148
0.3176141
0.7829437
-0.01356619
0.4812555
-0.195209
-0.7036775
-0.7386031
0.5710251
-0.4303159
0.01538309
1.045562
-0.08132309
0.6379873
0.8053214
-0.1336005
-0.3319232
1.353175
-1.101721
-1.017621
0.2069796
1.00941
0.1582701
1.786558
1.003295
0.7161525
0.8693859
0.3165681
-1.008232
0.6520578
0.3150102
-0.4535278
-0.3062588
0.02557216
-0.642781
-0.1339597
-0.377565
0.3751194
-0.5950308
1.715691
1.388457
-0.8955913
0.3095211
0.5063635
0.853341
0.1544522
0.4008491
0.4629177
0.02494354
1.098904
1.617165
0.2654418
0.8862429
-0.09446911
0.2328936
-1.071045
-2.183848
-1.193825
0.1105474
0.2847061
-0.8867576
-1.063263
-0.8141367
1.242586
-0.4938309
-0.8629746
1.145054
-0.297652
-0.438264
-0.1971761
0.1957676
0.2705375
-0.1115631
-0.1803644
-0.5048198
0.0398102
0.1203075
0.8308143
0.8371516
-0.8858777
-0.03465156
-0.6858749
-0.7659085
-0.9736481
0.4328094
-0.8824086
-0.2001357
-1.452049
-0.1077645
-0.8069463
0.01576044
0.8641943
-0.3856388
-1.773146
-0.1803452
0.5367171
-0.6946043
0.2955912
-0.6092259
0.1288062
1.38868
-0.18063
0.9312002
0.1120014
0.4408618
-1.283505
-1.019907
-0.4668982
0.4863307
0.1313715
0.1757244
-0.5175697
0.2794583
-0.02841935
-0.4279298
0.3903364
0.17342
0.4318886
0.2874838
0.6166334
0.01354317
-1.094247
2.049536
-0.1086797
0.2664889
-0.1078152
0.1345818
0.7453843
0.1626297
0.53294
-0.2339005
0.4962917
-0.4121471
0.7268459
-0.1415567
-0.2955759
0.6500354
-0.6957929
0.3574957
-0.4416151
0.3360801
-0.5264469
-1.018773
-0.08602874
-0.5277122
0.02416435
0.2248664
-0.2469971
0.1104153
-0.4819638
0.4486539
-0.6446621
-1.044111
-0.3364411
1.53678
0.2979605
-0.3214844
0.4811387
-0.07530996
-1.032275
0.1011994
0.6339363
0.3546442
-0.286614
0.7156456
0.3071032
0.47747
-0.3293683
0.5446203
-0.6932975
1.036365
-0.01455806
-0.00729421
0.1768647
0.3753875
-0.6708709
0.6633381
0.8830113
0.7703798
-0.3268718
0.6021221
-0.9289516
0.5113865
0.6612523
-0.7922712
1.500585
-0.9387038
1.037246
0.6866889
0.09792493
-0.3354867
-0.404121
0.3694079
-0.361362
-0.6388723
0.4428814
-0.817282
0.6928672
0.7222086
2.561155
-0.30053
0.2956237
-0.2740092
0.3136788
0.7282382
0.439857
-1.104348
-0.5253763
-0.888846
-0.3070325
0.8989931
-0.4653461
-1.007143
-0.3281069
0.1434424
0.1945958
-0.1964926
-1.333277
-0.112905
-0.2990161
-0.3549519
0.09778882
-0.05626386
-0.03080779
-0.1534848
-0.2429884
-0.5817641
0.4058066
0.2166874
0.01785732
0.2951965
-0.07241721
-0.02551138
-1.53978
0.9950002
1.991457
-0.5115871
-0.3182514
-0.1995588
0.8264587
-1.399157
0.7917362
0.3112202
0.2108971
-0.5864193
-0.03182493
0.4472762
-0.03460424
0.5443355
-0.1471525
0.3276864
-0.01171064
-2.226552
0.3239127
0.396632
-0.151755
0.1294785
-0.1246578
-1.587943
-0.299665
-0.6799943
-0.3397448
0.2901506
-1.378607
-1.092786
0.8503476
-0.03197428
0.7752436
0.0776938
-1.318223
1.193504
-0.4804428
0.6268449
-0.5674241
-1.728224
0.3097488
0.3058982
-0.1495736
-1.199467
0.6769954
-0.03385632
0.8076967
0.04930193
-0.9821575
-0.4292568
1.61424
0.761476
-0.1578349
-1.226343
-0.3939571
0.3735413
-0.1200754
0.2663696
-1.905679
0.5346132
0.03730609
0.6063423
-0.5228388
0.1130197
0.04976503
0.4920724
-0.7308604
1.394565
-1.234229
-0.07277017
1.572108
1.072671
-0.9427366
-1.079169
-1.404801
1.445814
-1.368998
-0.449692
0.9985778
0.2303414
-0.3073018
-0.3200987
-0.393855
0.8561517
-1.204275
0.7212583
-1.179098
0.08156371
0.9277683
-0.3446429
0.3806716
0.004230096
0.5689113
0.1478472
1.134635
-1.217049
0.3719653
-0.7499115
-3.663069
-0.8514393
0.6665449
-0.0121078
0.1973948
-1.777736
0.324679
0.7630467
-1.082275
-0.3701734
0.4996664
-0.04878454
-1.496976
0.7654648
0.2581629
-0.6061459
-0.340746
-1.081174
0.3683372
-1.497919
1.029195
0.2769759
-0.07808293
-0.7868702
-0.08771953
0.6516099
-0.2885933
-0.2125403
1.683526
-0.7611557
-1.803008
-0.3200541
0.6996435
-0.8112833
0.04977104
-0.5343854
-0.4454667
0.3662769
0.3350045
1.550796
0.4198166
-0.1124709
0.7047939
-0.1957155
0.3474076
-0.1130968
-0.6774161
0.372749
-0.778999
-1.249899
-0.3786674
-0.158267
0.2681226
0.2076491
-0.3302242
-0.7680938
0.4149465
1.247149
0.2850055
0.1314833
-1.118055
1.646885
-0.5206743
-0.2664051
-0.2401907
-0.4019136
0.95315
-1.110143
-0.1971886
0.005417431
-0.8083485
0.426712
-0.07257029
0.1791726
-0.8387304
0.07018961
0.024958
0.01312982
-1.212885
-0.2111873
0.2022875
-0.6003095
0.004249463
-0.4119932
-0.6539731
-0.4687926
-0.002105963
0.4321563
0.574385
-1.320433
0.01531049
-0.4946242
0.05101025
-0.485787
-0.2190271
-0.6637123
-1.472573
-0.2220815
2.134843
-0.2660061
0.4608205
-0.4081747
0.7566066
0.004073288
-0.3806913
0.2348682
0.5720059
-1.15355
-0.0621445
-0.4689212
0.5671126
0.3577328
0.1785354
0.6595252
0.9320289
-0.4493389
-0.1802612
-0.2368781
0.1073626
0.573301
-0.8280676
-1.792318
-0.3648355
0.1782649
-0.6257022
-0.1846793
-0.6395943
0.03233305
-0.4808469
1.620286
0.7621612
1.004074
-0.2898261
0.6277949
0.3291691
0.2755713
-0.3907923
-0.1002185
0.1671842
-0.6113049
0.3187904
-1.073717
-0.6628708
-0.08194833
-1.437146
0.7251378
-0.4337879
-0.3623431
1.790469
1.885996
-1.59202
0.2159219
0.857573
-0.8680921
-1.144394
-0.6976551
0.02669825
-1.241243
-0.1820443
1.01139
-0.5129123
0.4613546
-0.4064739
0.686453
-0.9186086
0.07517181
-0.6936319
0.7296321
-0.1724689
-0.2478119
0.4313441
0.2618764
-0.4972819
-0.6577702
-0.03740219
0.5636489
-0.7694702
-0.672736
-0.3180852
-0.8913603
-1.059574
-0.2031452
0.6292555
0.5724843
-0.08942869
0.1889513
-0.6382641
0.2341376
0.2697128
-0.0619201
-0.438817
0.2859786
-1.492474
-0.5807685
-0.4061797
-0.9217272
0.8083233
-0.4481848
0.2542203
0.04762084
-0.5448951
-0.1430298
-0.2001669
-0.2661437
0.1970385
-0.6023234
0.6552217
-1.125315
0.01736099
0.1364544
0.7418965
0.02396445
-0.06502084
-0.7208268
-0.4256081
-0.1572568
0.1895182
0.05774057
0.02293575
0.483631
0.1126582
-0.8734608
-0.8469962
-1.495931
1.39972
1.316643
0.2772151
-0.2120125
-0.03487577
0.6783324
1.422862
0.04957972
-2.247869
0.6039314
-1.237551
-0.9228761
0.5729441
0.008112691
-0.8227911
0.4422114
-0.243252
-0.5732577
0.8352028
0.2696896
0.7104962
-0.1956636
-0.7204175
-0.828167
0.6790844
0.2782129
1.561995
-0.4512793
-0.4216603
0.4224187
0.024455
-0.07507748
0.02835594
1.007654
0.2191719
0.7106159
-0.5833124
0.1871964
-1.127908
-0.3448837
0.9361542
-0.1012172
0.6912454
0.4769947
1.412238
0.459616
-0.4703564
-0.4474314
-1.288961
-1.593475
0.800756
-0.8168279
0.3543341
-1.109049
1.493194
-0.9375811
-0.5671484
-2.094517
-0.6143999
0.5336047
0.4204656
-0.1750129
-0.7694407
-0.7685152
-0.5576892
-0.01856718
-0.7238374
0.1472881
-0.2030386
-0.1388729
-0.3275672
0.2461779
-1.083005
-0.7506239
1.651003
0.02629441
-0.7161943
-0.2467675
-0.1487402
-0.2360715
-0.4353099
-0.9106069
0.2425652
0.2856325
0.2320197
0.003092154
0.09614205
-0.1168095
-0.7222978
0.02308889
0.4653719
-0.1098808
-0.1578874
0.1201959
-0.4849087
0.7841465
0.1183195
-0.02215312
0.3952675
0.1932396
0.5566666
-0.9468891
0.08042067
-0.04139091
0.08132076
-0.1222169
-0.0160802
0.01754519
-0.1452949
0.03111026
0.06167815
0.2662812
0.1164093
-0.1794997
0.1287379
0.1376349
0.03915825
0.04848344
0.10644
0.01347979
-0.02247846
-0.05306227
-0.06595706
0.01509725
0.134495
-0.01052027
0.2227538
0.2480203
0.3785487
-0.0004287963
-0.2274478
0.2161476
-0.01092444
0.2394982
0.01600176
0.2508333
0.1671842
-0.3655628
-0.02894318
0.03867135
0.4049456
-0.05919233
-0.1063414
0.1951451
-0.1478637
-0.01753282
0.2449029
0.155787
0.1169891
-0.1168897
0.0983208
0.08918517
-0.01754234
0.108233
0.02504817
0.3018025
0.01815262
-0.3397933
-0.1537164
0.009114465
-0.115249
-0.07541083
-0.2364841
0.330361
-0.1274475
0.07950489
0.1771293
-0.04601768
0.0493917
0.07217042
0.02179319
0.1967289
0.246032
-0.02066399
-0.1846889
0.1192043
-0.3174373
0.07655811
-0.2153298
0.1599121
0.06297399
0.1346824
-0.1590879
-0.09029061
-0.0458663
0.1414697
-0.008860758
-0.120677
0.1712592
-0.2240736
-0.1564331
0.03238088
-0.3607411
-0.04552919
-0.01022423
-0.056676
-0.1313428
0.002996012
-0.00598845
-0.1653457
-0.2809078
-0.1702409
-0.1280745
0.4036399
0.150544
-0.002577392
-0.213447
-0.02904587
-0.1103296
0.332832
-0.2281047
0.2177679
-0.01745179
-0.1085603
0.03625115
-0.2780563
0.02995698
-0.222322
0.09517922
-0.008554062
0.04431306
0.1611291
-0.09091449
-0.1729274
0.2806703
0.1592138
-0.04807786
0.08539398
-0.09330073
-0.02447343
-0.305424
-0.03893946
-0.1332847
-0.01815219
0.06191733
0.03229067
0.07882641
-0.4306385
-0.2328232
0.1795154
0.1267388
0.05054833
0.3892827
0.1750586
-0.004097325
0.1242475
-0.1853287
-0.1655118
-0.08304884
0.01872318
0.08682359
-0.03186107
-0.1063507
0.1252917
0.0395916
-0.1049416
-0.2185753
-0.02671694
-0.09692524
0.2908657
-0.1227674
-0.2869496
-0.1898842
-0.2154194
-0.4149762
-0.09355941
0.1735584
-0.08856345
0.1206752
-0.1619634
0.08367812
0.1740857
-0.004921501
-0.03561107
0.2340986
0.03333965
0.08847152
0.309664
-0.04287154
0.305521
-0.1011103
-0.2472773
0.08421524
-0.1082929
-0.1756802
-0.1488995
0.124968
-0.3184564
0.01789341
-0.1483133
-0.2393016
0.1427404
-0.3825088
0.1043002
0.005402326
0.1301973
-0.0598518
0.03070359
0.06227313
-0.002520491
-0.1788569
-0.1775569
0.0460297
-0.008092944
-0.05893997
-0.1036011
0.06842914
0.1140458
0.2571885
-0.1512153
0.0297712
-0.214157
0.02860494
-0.005795431
-0.1286142
0.03953226
0.01551323
-0.1423601
-0.0891291
-0.2194691
0.03475152
0.09756221
-0.2199018
-0.2462052
-0.2886838
-0.112468
-0.1479013
0.1930552
-0.2195224
0.2317294
-0.1746122
-0.1179155
-0.0420485
-0.07105425
0.04283285
-0.1638735
0.1495775
0.1683473
-0.001213023
0.1552056
-0.211639
-0.1182911
0.01910382
0.1336729
-0.01213279
0.1279772
-0.08481342
0.1365869
-0.06288368
0.1022906
0.07149045
-0.1284465
-0.06369254
0.22609
-0.1616881
-0.04000159
-0.3537194
-0.01491694
-0.1317979
-0.07706401
-0.1095736
0.3641134
0.009676541
-0.1767683
-0.1080139
0.1670563
-0.1175496
0.001196032
-0.06829416
-0.08822756
-0.1282398
0.1084958
-0.08155628
-0.1071031
-0.1849909
0.000190971
0.04872316
0.1629658
-0.1074017
-0.1339949
-0.2013893
-0.032152
-0.1242187
0.1400451
0.06639142
0.03119346
0.1800974
0.1769902
0.1255379
-0.07948198
-0.2205193
0.2983582
0.1055778
-0.06156876
0.1439654
0.02488439
0.02779919
0.1483625
0.1634892
0.1404028
-0.2563508
-0.03796142
0.08398433
0.1094701
0.2539611
-0.03115674
0.07104906
0.06377876
-0.1274964
0.1016777
0.1247636
0.09621482
-0.000406526
0.1346645
0.0862584
-0.02780093
-0.1140229
-0.1091273
0.2055985
0.1335066
0.04934055
-0.0827461
0.235155
-0.04361824
-0.1270204
-0.02754569
0.01513648
0.01883164
0.005921169
-0.04145601
0.1299452
-0.03487322
0.0102262
0.04933943
-0.1324955
-0.09818242
0.110213
0.001911149
-0.190765
-0.04602053
0.021822
0.09633613
-0.09166571
0.1396377
0.04015599
0.08088038
-0.3952245
0.02403382
0.07327351
-0.05301322
0.2778399
0.06521761
0.1442551
0.1272325
0.03530484
-0.009754092
0.1293362
-0.2086293
0.1459772
0.1984621
-0.1381987
0.009973429
0.1704096
0.07526023
-0.1163161
-0.04071081
0.0008330029
-0.06631498
-0.171447
-0.01133106
0.06429726
-0.1804966
-0.02164846
0.01814028
-0.1906469
0.1187534
0.00644432
0.02592049
-0.03005899
-0.09189925
-0.07222976
0.02139952
-0.02456483
0.06436659
0.1134473
-0.01450364
0.01152228
0.08507688
-0.09030304
0.1140224
-0.107487
0.1519682
-0.03139983
-0.3205566
0.08383062
0.1493595
0.04798768
0.1456834
0.1700089
0.1238645
-0.1629086
-0.06130679
0.1578759
-0.08440924
0.2373036
-0.1115627
-0.3269166
0.07455496
-0.03975825
0.1285919
0.02155901
0.09706573
-0.03537892
0.1312823
-0.1713548
-0.08333452
0.1776186
-0.1146099
-0.01170062
-0.1389226
0.0554958
0.05139353
-0.02009267
-0.03287912
0.08794769
0.08890893
-0.01388773
0.1509818
-0.02872029
0.08324955
-0.2648828
0.1061445
-0.06896617
0.1620727
-0.07604154
-0.006817005
0.1896296
0.1630595
0.002350618
0.1470157
-0.05706273
-0.1572794
0.2154039
-0.1778156
-0.03982423
0.1505003
-0.1854932
0.03969762
-0.2450945
-0.006049329
0.01115313
0.2336598
0.07338329
-0.1825042
-0.09952952
0.08895496
0.104669
-0.1898219
-0.02558903
0.04817574
-0.08082207
-0.1134819
0.09458753
0.09418986
0.2719467
-0.1713631
0.03661647
-0.2263774
-0.06312545
0.009457363
-0.009622134
0.100029
0.1801174
-0.04655
0.03011069
-0.23416
0.08616468
-0.0912018
0.01392101
-0.1866927
-0.01727168
-0.1340466
0.1490428
0.1092492
0.05570838
-0.02650542
0.007058423
-0.04965882
0.2923552
0.04338745
0.07417627
-0.09713146
0.2543721
0.3063642
-0.1790146
0.2846128
0.3855405
0.216308
-0.2481452
0.2223476
0.03140533
0.0210373
-0.1690781
0.08420815
-0.2524821
0.2066125
-0.3482061
-0.1101822
-0.1833659
-0.08797655
-0.07289408
-0.03700988
-0.2381702
-0.03520267
0.08609572
0.03148448
-0.02868076
-0.03969293
0.04592991
0.002109573
0.1453706
0.03782712
-0.001343427
-0.004432305
-0.2218509
-0.05383381
0.08727573
-0.1089689
-0.1374903
0.1891357
-0.02958901
0.08029164
-0.2273318
0.08736441
-0.1469986
-0.05633272
0.2274195
0.1387243
0.0631634
-0.1463603
-0.09678796
0.05330452
0.09744276
-0.1641055
-0.1433828
0.06282976
-0.006528979
-0.05758048
-0.1213154
0.09046504
0.03849277
-0.1154684
-0.005834386
0.02059692
0.1789817
-0.1783984
-0.1894201
0.0498364
0.1328249
-0.1893546
-0.1143294
0.1767744
0.09479279
-0.05304859
0.06621749
0.1645259
0.04144455
-0.05343303
-0.2503041
-0.005924256
0.1792485
-0.1567952
-0.04660993
0.1375409
-0.00131077
-0.0390679
0.1073765
0.05763872
-0.06270665
-0.0791067
0.1809674
-0.0449852
-0.08484499
