block[12,4]
48*55

4*55=220^12
12855002631049216000000000000

board[10,10] (x+y<10)

int64 board


mask


10+9 1+8 2+7 3 6 4 5
10 10  10  10  10  5

55 bit 64bit

0,
10,
19,
27,
34,
40,
45,
49,
52,
54


1
1100 1100 0100 1000
1000 0100 1100 1100
0000 0000 0000 0000
0000 0000 0000 0000
2
1100 1110 1100 1010
1000 1010 0100 1110
1100 0000 1100 0000
0000 0000 0000 0000
3
1111 0100 0100 1000
0010 0100 1111 1100
0000 1100 0000 1000
0000 0100 0000 1000
4
1100 1100 1100 1100
1100 1100 1100 1100
0000 0000 0000 0000
0000 0000 0000 0000
5
1110 1110 0010 1000
1000 0010 0010 1000
1000 0010 1110 1110
0000 0000 0000 0000
6
0011 1000 0111 1000
1110 1000 1100 1100
0000 1100 0000 0100
0000 0100 0000 0100
7
0110 1100 0010 1000
1100 0110 0110 1100
1000 0010 1100 0110
0000 0000 0000 0000
8
0100 0100 0100 0100
1110 1110 1110 1110
0100 0100 0100 0100
0000 0000 0000 0000
9
1100 1110 0100 1000
1000 0010 0100 1110
1000 0000 1100 0000
0000 0000 0000 0000
10
1110 0100 1100 1100
0110 1100 1110 1100
0000 1100 0000 1000
0000 0000 0000 0000
11
1111 1000 1111 1000
0000 1000 0000 1000
0000 1000 0000 1000
0000 1000 0000 1000
12
1111 0100 1000 1100
0001 0100 1111 1000
0000 0100 0000 1000
0000 1100 0000 1000
















1
1100
1000
0000
0000

1100 
0100 
0000 
0000 

0100 
1100 
0000 
0000 

1000
1100
0000
0000



2
1100 1110 1100 1010
1000 1010 0100 1110
1100 0000 1100 0000
0000 0000 0000 0000

3
1111 0100 0100 1000
0010 0100 1111 1100
0000 1100 0000 1000
0000 0100 0000 1000

4
1100 1100 1100 1100
1100 1100 1100 1100
0000 0000 0000 0000
0000 0000 0000 0000

5
1110 1110 0010 1000
1000 0010 0010 1000
1000 0010 1110 1110
0000 0000 0000 0000

6
0011 1000 0111 1000
1110 1000 1100 1100
0000 1100 0000 0100
0000 0100 0000 0100

7
0110 1100 0010 1000
1100 0110 0110 1100
1000 0010 1100 0110
0000 0000 0000 0000

8
0100 0100 0100 0100
1110 1110 1110 1110
0100 0100 0100 0100
0000 0000 0000 0000

9
1100 1110 0100 1000
1000 0010 0100 1110
1000 0000 1100 0000
0000 0000 0000 0000

10
1110 0100 1100 1100
0110 1100 1110 1100
0000 1100 0000 1000
0000 0000 0000 0000

11
1111 1000 1111 1000
0000 1000 0000 1000
0000 1000 0000 1000
0000 1000 0000 1000

12
1111 0100 1000 1100
0001 0100 1111 1000
0000 0100 0000 1000
0000 1100 0000 1000


